9.000000000000000000e+00
1.700000000000000000e+01
2.600000000000000000e+01
3.500000000000000000e+01
4.400000000000000000e+01
5.300000000000000000e+01
6.200000000000000000e+01
7.200000000000000000e+01
8.200000000000000000e+01
9.200000000000000000e+01
1.030000000000000000e+02
1.140000000000000000e+02
1.250000000000000000e+02
1.370000000000000000e+02
1.490000000000000000e+02
1.620000000000000000e+02
1.750000000000000000e+02
1.890000000000000000e+02
2.030000000000000000e+02
2.180000000000000000e+02
2.340000000000000000e+02
2.510000000000000000e+02
2.680000000000000000e+02
2.870000000000000000e+02
3.070000000000000000e+02
3.280000000000000000e+02
3.510000000000000000e+02
3.760000000000000000e+02
4.030000000000000000e+02
4.320000000000000000e+02
4.630000000000000000e+02
4.970000000000000000e+02
5.350000000000000000e+02
5.750000000000000000e+02
6.190000000000000000e+02
6.680000000000000000e+02
7.220000000000000000e+02
7.830000000000000000e+02
8.500000000000000000e+02
9.220000000000000000e+02
9.890000000000000000e+02
1.053000000000000000e+03
1.118000000000000000e+03
1.177000000000000000e+03
1.236000000000000000e+03
1.295000000000000000e+03
1.351000000000000000e+03
1.408000000000000000e+03
1.464000000000000000e+03
1.518000000000000000e+03
1.571000000000000000e+03
1.623000000000000000e+03
1.675000000000000000e+03
1.724000000000000000e+03
1.772000000000000000e+03
1.819000000000000000e+03
1.864000000000000000e+03
1.909000000000000000e+03
1.952000000000000000e+03
1.994000000000000000e+03
2.036000000000000000e+03
2.076000000000000000e+03
2.115000000000000000e+03
2.153000000000000000e+03
2.190000000000000000e+03
2.226000000000000000e+03
2.261000000000000000e+03
2.295000000000000000e+03
2.329000000000000000e+03
2.362000000000000000e+03
2.394000000000000000e+03
2.425000000000000000e+03
2.455000000000000000e+03
2.485000000000000000e+03
2.514000000000000000e+03
2.542000000000000000e+03
2.570000000000000000e+03
2.597000000000000000e+03
2.624000000000000000e+03
2.650000000000000000e+03
2.676000000000000000e+03
2.701000000000000000e+03
2.726000000000000000e+03
2.750000000000000000e+03
2.774000000000000000e+03
2.797000000000000000e+03
2.820000000000000000e+03
2.843000000000000000e+03
2.865000000000000000e+03
2.887000000000000000e+03
2.909000000000000000e+03
2.930000000000000000e+03
2.951000000000000000e+03
2.972000000000000000e+03
2.992000000000000000e+03
3.012000000000000000e+03
3.032000000000000000e+03
3.052000000000000000e+03
3.072000000000000000e+03
3.092000000000000000e+03
3.111000000000000000e+03
3.130000000000000000e+03
3.149000000000000000e+03
3.168000000000000000e+03
3.187000000000000000e+03
3.206000000000000000e+03
3.224000000000000000e+03
3.242000000000000000e+03
3.260000000000000000e+03
3.278000000000000000e+03
3.296000000000000000e+03
3.314000000000000000e+03
3.331000000000000000e+03
3.349000000000000000e+03
3.366000000000000000e+03
3.383000000000000000e+03
3.400000000000000000e+03
3.417000000000000000e+03
3.434000000000000000e+03
3.451000000000000000e+03
3.468000000000000000e+03
3.485000000000000000e+03
3.502000000000000000e+03
3.519000000000000000e+03
3.536000000000000000e+03
3.553000000000000000e+03
3.569000000000000000e+03
3.585000000000000000e+03
3.602000000000000000e+03
3.618000000000000000e+03
3.634000000000000000e+03
3.650000000000000000e+03
3.666000000000000000e+03
3.682000000000000000e+03
3.698000000000000000e+03
3.714000000000000000e+03
3.730000000000000000e+03
3.746000000000000000e+03
3.762000000000000000e+03
3.778000000000000000e+03
3.794000000000000000e+03
3.810000000000000000e+03
3.826000000000000000e+03
3.842000000000000000e+03
3.858000000000000000e+03
3.874000000000000000e+03
3.890000000000000000e+03
3.906000000000000000e+03
3.922000000000000000e+03
3.938000000000000000e+03
3.954000000000000000e+03
3.970000000000000000e+03
3.986000000000000000e+03
4.002000000000000000e+03
4.018000000000000000e+03
4.034000000000000000e+03
4.050000000000000000e+03
4.067000000000000000e+03
4.083000000000000000e+03
4.100000000000000000e+03
4.117000000000000000e+03
4.134000000000000000e+03
4.151000000000000000e+03
4.168000000000000000e+03
4.184000000000000000e+03
4.200000000000000000e+03
4.216000000000000000e+03
4.231000000000000000e+03
4.246000000000000000e+03
4.261000000000000000e+03
4.275000000000000000e+03
4.289000000000000000e+03
4.303000000000000000e+03
4.317000000000000000e+03
4.330000000000000000e+03
4.343000000000000000e+03
4.356000000000000000e+03
4.369000000000000000e+03
4.382000000000000000e+03
4.395000000000000000e+03
4.407000000000000000e+03
4.419000000000000000e+03
4.431000000000000000e+03
4.443000000000000000e+03
4.455000000000000000e+03
4.467000000000000000e+03
4.479000000000000000e+03
4.491000000000000000e+03
4.503000000000000000e+03
4.515000000000000000e+03
4.527000000000000000e+03
4.539000000000000000e+03
4.551000000000000000e+03
4.563000000000000000e+03
4.575000000000000000e+03
4.587000000000000000e+03
4.599000000000000000e+03
4.611000000000000000e+03
4.623000000000000000e+03
4.635000000000000000e+03
4.647000000000000000e+03
4.659000000000000000e+03
4.672000000000000000e+03
4.685000000000000000e+03
4.698000000000000000e+03
4.711000000000000000e+03
4.724000000000000000e+03
4.737000000000000000e+03
4.751000000000000000e+03
4.765000000000000000e+03
4.779000000000000000e+03
4.793000000000000000e+03
4.808000000000000000e+03
4.823000000000000000e+03
4.838000000000000000e+03
4.854000000000000000e+03
4.870000000000000000e+03
4.887000000000000000e+03
4.904000000000000000e+03
4.921000000000000000e+03
4.938000000000000000e+03
4.956000000000000000e+03
4.974000000000000000e+03
4.992000000000000000e+03
5.011000000000000000e+03
5.030000000000000000e+03
5.050000000000000000e+03
5.070000000000000000e+03
5.091000000000000000e+03
5.112000000000000000e+03
5.135000000000000000e+03
5.158000000000000000e+03
5.182000000000000000e+03
5.207000000000000000e+03
5.233000000000000000e+03
5.261000000000000000e+03
5.290000000000000000e+03
5.321000000000000000e+03
5.354000000000000000e+03
5.390000000000000000e+03
5.428000000000000000e+03
5.470000000000000000e+03
5.515000000000000000e+03
5.561000000000000000e+03
5.609000000000000000e+03
5.658000000000000000e+03
5.709000000000000000e+03
5.762000000000000000e+03
5.818000000000000000e+03
5.872000000000000000e+03
5.926000000000000000e+03
5.979000000000000000e+03
6.033000000000000000e+03
6.087000000000000000e+03
6.142000000000000000e+03
6.196000000000000000e+03
6.251000000000000000e+03
6.305000000000000000e+03
6.359000000000000000e+03
6.413000000000000000e+03
6.465000000000000000e+03
6.517000000000000000e+03
6.568000000000000000e+03
6.618000000000000000e+03
6.668000000000000000e+03
6.717000000000000000e+03
6.765000000000000000e+03
6.812000000000000000e+03
6.858000000000000000e+03
6.903000000000000000e+03
6.947000000000000000e+03
6.990000000000000000e+03
7.033000000000000000e+03
7.076000000000000000e+03
7.119000000000000000e+03
7.160000000000000000e+03
7.200000000000000000e+03
7.240000000000000000e+03
7.278000000000000000e+03
7.316000000000000000e+03
7.353000000000000000e+03
7.389000000000000000e+03
7.424000000000000000e+03
7.459000000000000000e+03
7.493000000000000000e+03
7.526000000000000000e+03
7.558000000000000000e+03
7.590000000000000000e+03
7.621000000000000000e+03
7.652000000000000000e+03
7.682000000000000000e+03
7.711000000000000000e+03
7.740000000000000000e+03
7.768000000000000000e+03
7.796000000000000000e+03
7.823000000000000000e+03
7.850000000000000000e+03
7.877000000000000000e+03
7.903000000000000000e+03
7.929000000000000000e+03
7.954000000000000000e+03
7.979000000000000000e+03
8.004000000000000000e+03
8.028000000000000000e+03
8.052000000000000000e+03
8.076000000000000000e+03
8.100000000000000000e+03
8.123000000000000000e+03
8.146000000000000000e+03
8.169000000000000000e+03
8.191000000000000000e+03
8.213000000000000000e+03
8.235000000000000000e+03
8.257000000000000000e+03
8.278000000000000000e+03
8.299000000000000000e+03
8.320000000000000000e+03
8.341000000000000000e+03
8.362000000000000000e+03
8.382000000000000000e+03
8.402000000000000000e+03
8.422000000000000000e+03
8.442000000000000000e+03
8.462000000000000000e+03
8.481000000000000000e+03
8.500000000000000000e+03
8.519000000000000000e+03
8.538000000000000000e+03
8.557000000000000000e+03
8.576000000000000000e+03
8.594000000000000000e+03
8.612000000000000000e+03
8.630000000000000000e+03
8.648000000000000000e+03
8.666000000000000000e+03
8.684000000000000000e+03
8.702000000000000000e+03
8.719000000000000000e+03
8.736000000000000000e+03
8.753000000000000000e+03
8.770000000000000000e+03
8.787000000000000000e+03
8.803000000000000000e+03
8.819000000000000000e+03
8.835000000000000000e+03
8.851000000000000000e+03
8.867000000000000000e+03
8.883000000000000000e+03
8.899000000000000000e+03
8.915000000000000000e+03
8.931000000000000000e+03
8.946000000000000000e+03
8.961000000000000000e+03
8.976000000000000000e+03
8.991000000000000000e+03
9.006000000000000000e+03
9.021000000000000000e+03
9.036000000000000000e+03
9.051000000000000000e+03
9.065000000000000000e+03
9.079000000000000000e+03
9.093000000000000000e+03
9.107000000000000000e+03
9.121000000000000000e+03
9.135000000000000000e+03
9.149000000000000000e+03
9.163000000000000000e+03
9.177000000000000000e+03
9.191000000000000000e+03
9.205000000000000000e+03
9.219000000000000000e+03
9.232000000000000000e+03
9.245000000000000000e+03
9.258000000000000000e+03
9.271000000000000000e+03
9.284000000000000000e+03
9.297000000000000000e+03
9.310000000000000000e+03
9.323000000000000000e+03
9.336000000000000000e+03
9.349000000000000000e+03
9.362000000000000000e+03
9.375000000000000000e+03
9.388000000000000000e+03
9.401000000000000000e+03
9.414000000000000000e+03
9.427000000000000000e+03
9.440000000000000000e+03
9.453000000000000000e+03
9.466000000000000000e+03
9.479000000000000000e+03
9.492000000000000000e+03
9.504000000000000000e+03
9.516000000000000000e+03
9.529000000000000000e+03
9.541000000000000000e+03
9.553000000000000000e+03
9.565000000000000000e+03
9.577000000000000000e+03
9.589000000000000000e+03
9.601000000000000000e+03
9.613000000000000000e+03
9.625000000000000000e+03
9.638000000000000000e+03
9.650000000000000000e+03
9.662000000000000000e+03
9.674000000000000000e+03
9.686000000000000000e+03
9.699000000000000000e+03
9.712000000000000000e+03
9.725000000000000000e+03
9.738000000000000000e+03
9.751000000000000000e+03
9.764000000000000000e+03
9.777000000000000000e+03
9.790000000000000000e+03
9.803000000000000000e+03
9.816000000000000000e+03
9.829000000000000000e+03
9.842000000000000000e+03
9.855000000000000000e+03
9.868000000000000000e+03
9.881000000000000000e+03
9.894000000000000000e+03
9.907000000000000000e+03
9.921000000000000000e+03
9.935000000000000000e+03
9.949000000000000000e+03
9.963000000000000000e+03
9.977000000000000000e+03
9.991000000000000000e+03
1.000600000000000000e+04
1.002100000000000000e+04
1.003600000000000000e+04
1.005100000000000000e+04
1.006600000000000000e+04
1.008200000000000000e+04
1.009800000000000000e+04
1.011400000000000000e+04
1.013100000000000000e+04
1.014800000000000000e+04
1.016600000000000000e+04
1.018400000000000000e+04
1.020300000000000000e+04
1.022200000000000000e+04
1.024200000000000000e+04
1.026200000000000000e+04
1.028100000000000000e+04
1.030000000000000000e+04
1.031900000000000000e+04
1.033800000000000000e+04
1.035700000000000000e+04
1.037600000000000000e+04
1.039500000000000000e+04
1.041400000000000000e+04
1.043300000000000000e+04
1.045200000000000000e+04
1.047200000000000000e+04
1.049200000000000000e+04
1.051200000000000000e+04
1.053200000000000000e+04
1.055300000000000000e+04
1.057400000000000000e+04
1.059500000000000000e+04
1.061700000000000000e+04
1.063900000000000000e+04
1.066200000000000000e+04
1.068600000000000000e+04
1.071000000000000000e+04
1.073500000000000000e+04
1.076100000000000000e+04
1.078800000000000000e+04
1.081500000000000000e+04
1.084300000000000000e+04
1.087100000000000000e+04
1.090000000000000000e+04
1.093000000000000000e+04
1.096100000000000000e+04
1.099300000000000000e+04
1.102600000000000000e+04
1.105900000000000000e+04
1.109300000000000000e+04
1.112800000000000000e+04
1.116200000000000000e+04
1.119500000000000000e+04
1.122700000000000000e+04
1.125800000000000000e+04
1.128800000000000000e+04
1.131800000000000000e+04
1.134700000000000000e+04
1.137600000000000000e+04
1.140400000000000000e+04
1.143200000000000000e+04
1.146000000000000000e+04
1.148700000000000000e+04
1.151400000000000000e+04
1.154100000000000000e+04
1.156700000000000000e+04
1.159300000000000000e+04
1.161800000000000000e+04
1.164300000000000000e+04
1.166800000000000000e+04
1.169300000000000000e+04
1.171800000000000000e+04
1.174200000000000000e+04
1.176600000000000000e+04
1.179000000000000000e+04
1.181400000000000000e+04
1.183800000000000000e+04
1.186200000000000000e+04
1.188600000000000000e+04
1.191000000000000000e+04
1.193300000000000000e+04
1.195600000000000000e+04
1.197900000000000000e+04
1.200200000000000000e+04
1.202500000000000000e+04
1.204800000000000000e+04
1.207100000000000000e+04
1.209400000000000000e+04
1.211700000000000000e+04
1.214000000000000000e+04
1.216300000000000000e+04
1.218600000000000000e+04
1.220900000000000000e+04
1.223200000000000000e+04
1.225500000000000000e+04
1.227800000000000000e+04
1.230100000000000000e+04
1.232300000000000000e+04
1.234500000000000000e+04
1.236800000000000000e+04
1.239000000000000000e+04
1.241300000000000000e+04
1.243500000000000000e+04
1.245800000000000000e+04
1.248100000000000000e+04
1.250400000000000000e+04
1.252700000000000000e+04
1.255000000000000000e+04
1.257400000000000000e+04
1.259800000000000000e+04
1.262200000000000000e+04
1.264700000000000000e+04
1.267200000000000000e+04
1.269700000000000000e+04
1.272300000000000000e+04
1.274900000000000000e+04
1.277600000000000000e+04
1.280300000000000000e+04
1.283100000000000000e+04
1.285900000000000000e+04
1.288800000000000000e+04
1.291800000000000000e+04
1.294800000000000000e+04
1.298000000000000000e+04
1.301300000000000000e+04
1.304600000000000000e+04
1.308100000000000000e+04
1.311600000000000000e+04
1.315200000000000000e+04
1.319000000000000000e+04
1.322900000000000000e+04
1.326900000000000000e+04
1.331100000000000000e+04
1.335300000000000000e+04
1.339700000000000000e+04
1.344200000000000000e+04
1.348900000000000000e+04
1.353700000000000000e+04
1.358600000000000000e+04
1.363700000000000000e+04
1.368900000000000000e+04
1.373800000000000000e+04
1.378500000000000000e+04
1.383000000000000000e+04
1.387400000000000000e+04
1.391700000000000000e+04
1.395800000000000000e+04
1.399900000000000000e+04
1.403900000000000000e+04
1.407800000000000000e+04
1.411800000000000000e+04
1.415700000000000000e+04
1.419700000000000000e+04
1.423600000000000000e+04
1.427600000000000000e+04
1.431600000000000000e+04
1.435600000000000000e+04
1.439600000000000000e+04
1.443700000000000000e+04
1.447900000000000000e+04
1.452100000000000000e+04
1.456400000000000000e+04
1.460800000000000000e+04
1.465300000000000000e+04
1.470000000000000000e+04
1.474800000000000000e+04
1.479700000000000000e+04
1.484900000000000000e+04
1.490200000000000000e+04
1.495800000000000000e+04
1.501600000000000000e+04
1.507700000000000000e+04
1.513900000000000000e+04
1.520200000000000000e+04
1.526400000000000000e+04
1.532700000000000000e+04
1.538600000000000000e+04
1.544500000000000000e+04
1.550500000000000000e+04
1.556400000000000000e+04
1.562000000000000000e+04
1.567400000000000000e+04
1.572700000000000000e+04
1.577900000000000000e+04
1.582900000000000000e+04
1.587700000000000000e+04
1.592300000000000000e+04
1.596800000000000000e+04
1.601100000000000000e+04
1.605200000000000000e+04
1.609200000000000000e+04
1.613200000000000000e+04
1.617100000000000000e+04
1.620800000000000000e+04
1.624300000000000000e+04
1.627700000000000000e+04
1.631000000000000000e+04
1.634200000000000000e+04
1.637400000000000000e+04
1.640500000000000000e+04
1.643500000000000000e+04
1.646400000000000000e+04
1.649200000000000000e+04
1.651900000000000000e+04
1.654600000000000000e+04
1.657200000000000000e+04
1.659700000000000000e+04
1.662100000000000000e+04
1.664500000000000000e+04
1.666900000000000000e+04
1.669200000000000000e+04
1.671400000000000000e+04
1.673600000000000000e+04
1.675800000000000000e+04
1.677900000000000000e+04
1.680000000000000000e+04
1.682000000000000000e+04
1.684000000000000000e+04
1.686000000000000000e+04
1.688000000000000000e+04
1.689900000000000000e+04
1.691800000000000000e+04
1.693700000000000000e+04
1.695500000000000000e+04
1.697300000000000000e+04
1.699100000000000000e+04
1.700900000000000000e+04
1.702700000000000000e+04
1.704400000000000000e+04
1.706100000000000000e+04
1.707800000000000000e+04
1.709500000000000000e+04
1.711200000000000000e+04
1.712900000000000000e+04
1.714500000000000000e+04
1.716100000000000000e+04
1.717700000000000000e+04
1.719300000000000000e+04
1.720900000000000000e+04
1.722500000000000000e+04
1.724100000000000000e+04
1.725700000000000000e+04
1.727300000000000000e+04
1.728900000000000000e+04
1.730500000000000000e+04
1.732100000000000000e+04
1.733700000000000000e+04
1.735300000000000000e+04
1.736900000000000000e+04
1.738500000000000000e+04
1.740100000000000000e+04
1.741700000000000000e+04
1.743300000000000000e+04
1.744900000000000000e+04
1.746500000000000000e+04
1.748100000000000000e+04
1.749700000000000000e+04
1.751300000000000000e+04
1.752900000000000000e+04
1.754500000000000000e+04
1.756200000000000000e+04
1.757900000000000000e+04
1.759600000000000000e+04
1.761300000000000000e+04
1.763100000000000000e+04
1.764900000000000000e+04
1.766700000000000000e+04
1.768600000000000000e+04
1.770500000000000000e+04
1.772400000000000000e+04
1.774400000000000000e+04
1.776400000000000000e+04
1.778500000000000000e+04
1.780600000000000000e+04
1.782700000000000000e+04
1.784900000000000000e+04
1.787200000000000000e+04
1.789600000000000000e+04
1.792100000000000000e+04
1.794600000000000000e+04
1.797300000000000000e+04
1.799900000000000000e+04
1.802500000000000000e+04
1.805100000000000000e+04
1.807600000000000000e+04
1.810200000000000000e+04
1.812700000000000000e+04
1.815200000000000000e+04
1.817700000000000000e+04
1.820200000000000000e+04
1.822800000000000000e+04
1.825400000000000000e+04
1.828000000000000000e+04
1.830600000000000000e+04
1.833300000000000000e+04
1.836000000000000000e+04
1.838800000000000000e+04
1.841700000000000000e+04
1.844600000000000000e+04
1.847600000000000000e+04
1.850700000000000000e+04
1.853900000000000000e+04
1.857200000000000000e+04
1.860700000000000000e+04
1.864400000000000000e+04
1.868200000000000000e+04
1.872300000000000000e+04
1.876600000000000000e+04
1.881200000000000000e+04
1.886200000000000000e+04
1.891600000000000000e+04
1.897500000000000000e+04
1.903900000000000000e+04
1.910400000000000000e+04
1.917400000000000000e+04
1.924700000000000000e+04
1.932000000000000000e+04
1.939600000000000000e+04
1.947400000000000000e+04
1.955600000000000000e+04
1.964100000000000000e+04
1.973100000000000000e+04
1.982400000000000000e+04
1.991600000000000000e+04
2.000500000000000000e+04
2.008700000000000000e+04
2.016300000000000000e+04
2.023400000000000000e+04
2.030100000000000000e+04
2.036500000000000000e+04
2.042700000000000000e+04
2.048500000000000000e+04
2.054200000000000000e+04
2.059600000000000000e+04
2.064800000000000000e+04
2.069800000000000000e+04
2.074700000000000000e+04
2.079300000000000000e+04
2.083800000000000000e+04
2.088200000000000000e+04
2.092400000000000000e+04
2.096500000000000000e+04
2.100500000000000000e+04
2.104300000000000000e+04
2.108100000000000000e+04
2.111700000000000000e+04
2.115300000000000000e+04
2.118800000000000000e+04
2.122200000000000000e+04
2.125500000000000000e+04
2.128800000000000000e+04
2.132000000000000000e+04
2.135200000000000000e+04
2.138300000000000000e+04
2.141300000000000000e+04
2.144300000000000000e+04
2.147200000000000000e+04
2.150100000000000000e+04
2.153000000000000000e+04
2.155800000000000000e+04
2.158600000000000000e+04
2.161300000000000000e+04
2.164000000000000000e+04
2.166700000000000000e+04
2.169400000000000000e+04
2.172100000000000000e+04
2.174700000000000000e+04
2.177300000000000000e+04
2.179800000000000000e+04
2.182300000000000000e+04
2.184800000000000000e+04
2.187300000000000000e+04
2.189800000000000000e+04
2.192300000000000000e+04
2.194800000000000000e+04
2.197200000000000000e+04
2.199600000000000000e+04
2.202000000000000000e+04
2.204400000000000000e+04
2.206800000000000000e+04
2.209200000000000000e+04
2.211500000000000000e+04
2.213800000000000000e+04
2.216100000000000000e+04
2.218400000000000000e+04
2.220600000000000000e+04
2.222800000000000000e+04
2.224900000000000000e+04
2.227000000000000000e+04
2.229100000000000000e+04
2.231200000000000000e+04
2.233200000000000000e+04
2.235200000000000000e+04
2.237200000000000000e+04
2.239200000000000000e+04
2.241100000000000000e+04
2.243000000000000000e+04
2.244900000000000000e+04
2.246800000000000000e+04
2.248700000000000000e+04
2.250500000000000000e+04
2.252300000000000000e+04
2.254100000000000000e+04
2.255900000000000000e+04
2.257700000000000000e+04
2.259500000000000000e+04
2.261200000000000000e+04
2.262900000000000000e+04
2.264600000000000000e+04
2.266300000000000000e+04
2.268000000000000000e+04
2.269600000000000000e+04
2.271200000000000000e+04
2.272800000000000000e+04
2.274400000000000000e+04
2.276000000000000000e+04
2.277600000000000000e+04
2.279200000000000000e+04
2.280700000000000000e+04
2.282200000000000000e+04
2.283700000000000000e+04
2.285200000000000000e+04
2.286700000000000000e+04
2.288200000000000000e+04
2.289700000000000000e+04
2.291200000000000000e+04
2.292600000000000000e+04
2.294000000000000000e+04
2.295400000000000000e+04
2.296800000000000000e+04
2.298200000000000000e+04
2.299600000000000000e+04
2.301000000000000000e+04
2.302400000000000000e+04
2.303800000000000000e+04
2.305200000000000000e+04
2.306600000000000000e+04
2.308000000000000000e+04
2.309300000000000000e+04
2.310600000000000000e+04
2.311900000000000000e+04
2.313200000000000000e+04
2.314500000000000000e+04
2.315800000000000000e+04
2.317100000000000000e+04
2.318400000000000000e+04
2.319700000000000000e+04
2.321000000000000000e+04
2.322300000000000000e+04
2.323600000000000000e+04
2.324900000000000000e+04
2.326200000000000000e+04
2.327500000000000000e+04
2.328800000000000000e+04
2.330100000000000000e+04
2.331400000000000000e+04
2.332700000000000000e+04
2.334000000000000000e+04
2.335300000000000000e+04
2.336600000000000000e+04
2.337900000000000000e+04
2.339200000000000000e+04
2.340500000000000000e+04
2.341900000000000000e+04
2.343300000000000000e+04
2.344700000000000000e+04
2.346100000000000000e+04
2.347500000000000000e+04
2.348900000000000000e+04
2.350300000000000000e+04
2.351700000000000000e+04
2.353200000000000000e+04
2.354700000000000000e+04
2.356200000000000000e+04
2.357700000000000000e+04
2.359200000000000000e+04
2.360800000000000000e+04
2.362400000000000000e+04
2.364000000000000000e+04
2.365700000000000000e+04
2.367400000000000000e+04
2.369100000000000000e+04
2.370900000000000000e+04
2.372700000000000000e+04
2.374600000000000000e+04
2.376500000000000000e+04
2.378500000000000000e+04
2.380500000000000000e+04
2.382600000000000000e+04
2.384700000000000000e+04
2.386800000000000000e+04
2.388900000000000000e+04
2.391000000000000000e+04
2.393100000000000000e+04
2.395200000000000000e+04
2.397300000000000000e+04
2.399400000000000000e+04
2.401500000000000000e+04
2.403600000000000000e+04
2.405700000000000000e+04
2.407800000000000000e+04
2.409900000000000000e+04
2.412000000000000000e+04
2.414100000000000000e+04
2.416300000000000000e+04
2.418500000000000000e+04
2.420700000000000000e+04
2.423000000000000000e+04
2.425300000000000000e+04
2.427600000000000000e+04
2.430000000000000000e+04
2.432400000000000000e+04
2.434800000000000000e+04
2.437100000000000000e+04
2.439300000000000000e+04
2.441400000000000000e+04
2.443400000000000000e+04
2.445300000000000000e+04
2.447200000000000000e+04
2.449000000000000000e+04
2.450700000000000000e+04
2.452400000000000000e+04
2.454100000000000000e+04
2.455700000000000000e+04
2.457300000000000000e+04
2.458900000000000000e+04
2.460400000000000000e+04
2.461900000000000000e+04
2.463400000000000000e+04
2.464900000000000000e+04
2.466300000000000000e+04
2.467700000000000000e+04
2.469100000000000000e+04
2.470500000000000000e+04
2.471900000000000000e+04
2.473300000000000000e+04
2.474700000000000000e+04
2.476100000000000000e+04
2.477500000000000000e+04
2.478900000000000000e+04
2.480300000000000000e+04
2.481700000000000000e+04
2.483100000000000000e+04
2.484500000000000000e+04
2.485900000000000000e+04
2.487300000000000000e+04
2.488700000000000000e+04
2.490100000000000000e+04
2.491500000000000000e+04
2.493000000000000000e+04
2.494500000000000000e+04
2.496000000000000000e+04
2.497500000000000000e+04
2.499100000000000000e+04
2.500700000000000000e+04
2.502300000000000000e+04
2.504000000000000000e+04
2.505700000000000000e+04
2.507500000000000000e+04
2.509300000000000000e+04
2.511200000000000000e+04
2.513100000000000000e+04
2.515100000000000000e+04
2.517200000000000000e+04
2.519300000000000000e+04
2.521500000000000000e+04
2.523800000000000000e+04
2.526200000000000000e+04
2.528700000000000000e+04
2.531300000000000000e+04
2.534000000000000000e+04
2.536900000000000000e+04
2.540000000000000000e+04
2.543100000000000000e+04
2.546400000000000000e+04
2.549900000000000000e+04
2.553600000000000000e+04
2.557500000000000000e+04
2.561600000000000000e+04
2.565700000000000000e+04
2.569900000000000000e+04
2.574200000000000000e+04
2.578800000000000000e+04
2.583500000000000000e+04
2.588200000000000000e+04
2.592900000000000000e+04
2.597700000000000000e+04
2.602400000000000000e+04
2.607100000000000000e+04
2.612000000000000000e+04
2.616900000000000000e+04
2.621800000000000000e+04
2.626800000000000000e+04
2.631800000000000000e+04
2.636800000000000000e+04
2.642000000000000000e+04
2.647200000000000000e+04
2.652400000000000000e+04
2.657700000000000000e+04
2.663100000000000000e+04
2.668400000000000000e+04
2.673800000000000000e+04
2.679000000000000000e+04
2.684300000000000000e+04
2.689400000000000000e+04
2.694500000000000000e+04
2.699200000000000000e+04
2.703700000000000000e+04
2.708000000000000000e+04
2.712100000000000000e+04
2.715900000000000000e+04
2.719600000000000000e+04
2.723200000000000000e+04
2.726600000000000000e+04
2.729900000000000000e+04
2.733100000000000000e+04
2.736200000000000000e+04
2.739200000000000000e+04
2.742100000000000000e+04
2.744900000000000000e+04
2.747700000000000000e+04
2.750400000000000000e+04
2.753100000000000000e+04
2.755700000000000000e+04
2.758300000000000000e+04
2.761000000000000000e+04
2.763600000000000000e+04
2.766200000000000000e+04
2.768800000000000000e+04
2.771400000000000000e+04
2.774000000000000000e+04
2.776600000000000000e+04
2.779200000000000000e+04
2.781800000000000000e+04
2.784400000000000000e+04
2.787000000000000000e+04
2.789500000000000000e+04
2.792000000000000000e+04
2.794500000000000000e+04
2.797000000000000000e+04
2.799500000000000000e+04
2.802000000000000000e+04
2.804500000000000000e+04
2.807000000000000000e+04
2.809500000000000000e+04
2.812100000000000000e+04
2.814700000000000000e+04
2.817400000000000000e+04
2.820100000000000000e+04
2.822800000000000000e+04
2.825600000000000000e+04
2.828500000000000000e+04
2.831400000000000000e+04
2.834400000000000000e+04
2.837500000000000000e+04
2.840700000000000000e+04
2.844100000000000000e+04
2.847600000000000000e+04
2.851200000000000000e+04
2.855000000000000000e+04
2.859000000000000000e+04
2.863300000000000000e+04
2.867900000000000000e+04
2.872800000000000000e+04
2.878200000000000000e+04
2.883800000000000000e+04
2.889600000000000000e+04
2.895600000000000000e+04
2.901500000000000000e+04
2.907600000000000000e+04
2.914000000000000000e+04
2.920500000000000000e+04
2.926900000000000000e+04
2.933600000000000000e+04
2.940500000000000000e+04
2.947200000000000000e+04
2.954300000000000000e+04
2.961100000000000000e+04
2.968000000000000000e+04
2.975000000000000000e+04
2.981900000000000000e+04
2.988900000000000000e+04
2.996000000000000000e+04
3.002900000000000000e+04
3.009900000000000000e+04
3.016800000000000000e+04
3.023800000000000000e+04
3.030400000000000000e+04
3.037100000000000000e+04
3.043600000000000000e+04
3.049800000000000000e+04
3.055900000000000000e+04
3.061800000000000000e+04
3.067700000000000000e+04
3.073600000000000000e+04
3.079300000000000000e+04
3.084900000000000000e+04
3.090400000000000000e+04
3.095700000000000000e+04
3.100900000000000000e+04
3.105800000000000000e+04
3.110700000000000000e+04
3.115400000000000000e+04
3.120100000000000000e+04
3.124600000000000000e+04
3.129000000000000000e+04
3.133300000000000000e+04
3.137500000000000000e+04
3.141600000000000000e+04
3.145600000000000000e+04
3.149500000000000000e+04
3.153300000000000000e+04
3.157000000000000000e+04
3.160700000000000000e+04
3.164300000000000000e+04
3.167800000000000000e+04
3.171200000000000000e+04
3.174700000000000000e+04
3.178100000000000000e+04
3.181400000000000000e+04
3.184600000000000000e+04
3.187900000000000000e+04
3.191100000000000000e+04
3.194200000000000000e+04
3.197300000000000000e+04
3.200400000000000000e+04
3.203400000000000000e+04
3.206400000000000000e+04
3.209300000000000000e+04
3.212200000000000000e+04
3.215100000000000000e+04
3.218000000000000000e+04
3.220900000000000000e+04
3.223800000000000000e+04
3.226600000000000000e+04
3.229400000000000000e+04
3.232200000000000000e+04
3.235000000000000000e+04
3.237800000000000000e+04
3.240500000000000000e+04
3.243300000000000000e+04
3.246100000000000000e+04
3.248800000000000000e+04
3.251600000000000000e+04
3.254400000000000000e+04
3.257200000000000000e+04
3.259900000000000000e+04
3.262700000000000000e+04
3.265400000000000000e+04
3.268100000000000000e+04
3.270800000000000000e+04
3.273500000000000000e+04
3.276200000000000000e+04
3.278800000000000000e+04
3.281400000000000000e+04
3.283900000000000000e+04
3.286400000000000000e+04
3.288900000000000000e+04
3.291300000000000000e+04
3.293600000000000000e+04
3.295900000000000000e+04
3.298100000000000000e+04
3.300300000000000000e+04
3.302400000000000000e+04
3.304500000000000000e+04
3.306500000000000000e+04
3.308400000000000000e+04
3.310300000000000000e+04
3.312100000000000000e+04
3.313900000000000000e+04
3.315700000000000000e+04
3.317400000000000000e+04
3.319100000000000000e+04
3.320700000000000000e+04
3.322300000000000000e+04
3.323900000000000000e+04
3.325500000000000000e+04
3.327000000000000000e+04
3.328500000000000000e+04
3.330000000000000000e+04
3.331500000000000000e+04
3.333000000000000000e+04
3.334400000000000000e+04
3.335800000000000000e+04
3.337200000000000000e+04
3.338600000000000000e+04
3.340000000000000000e+04
3.341400000000000000e+04
3.342800000000000000e+04
3.344200000000000000e+04
3.345600000000000000e+04
3.347000000000000000e+04
3.348400000000000000e+04
3.349800000000000000e+04
3.351100000000000000e+04
3.352500000000000000e+04
3.353900000000000000e+04
3.355200000000000000e+04
3.356600000000000000e+04
3.358000000000000000e+04
3.359400000000000000e+04
3.360800000000000000e+04
3.362200000000000000e+04
3.363600000000000000e+04
3.365000000000000000e+04
3.366400000000000000e+04
3.367800000000000000e+04
3.369200000000000000e+04
3.370600000000000000e+04
3.372100000000000000e+04
3.373600000000000000e+04
3.375100000000000000e+04
3.376600000000000000e+04
3.378100000000000000e+04
3.379600000000000000e+04
3.381200000000000000e+04
3.382800000000000000e+04
3.384400000000000000e+04
3.386000000000000000e+04
3.387600000000000000e+04
3.389300000000000000e+04
3.391000000000000000e+04
3.392700000000000000e+04
3.394400000000000000e+04
3.396200000000000000e+04
3.398000000000000000e+04
3.399900000000000000e+04
3.401800000000000000e+04
3.403700000000000000e+04
3.405700000000000000e+04
3.407700000000000000e+04
3.409800000000000000e+04
3.411900000000000000e+04
3.414100000000000000e+04
3.416400000000000000e+04
3.418700000000000000e+04
3.421100000000000000e+04
3.423600000000000000e+04
3.426200000000000000e+04
3.428900000000000000e+04
3.431600000000000000e+04
3.434400000000000000e+04
3.437200000000000000e+04
3.440100000000000000e+04
3.443100000000000000e+04
3.446200000000000000e+04
3.449300000000000000e+04
3.452600000000000000e+04
3.456000000000000000e+04
3.459500000000000000e+04
3.463100000000000000e+04
3.466900000000000000e+04
3.470800000000000000e+04
3.474800000000000000e+04
3.478900000000000000e+04
3.483100000000000000e+04
3.487300000000000000e+04
3.491500000000000000e+04
3.495800000000000000e+04
3.500200000000000000e+04
3.504800000000000000e+04
3.509400000000000000e+04
3.514200000000000000e+04
3.519200000000000000e+04
3.524400000000000000e+04
3.529500000000000000e+04
3.534800000000000000e+04
3.540100000000000000e+04
3.545800000000000000e+04
3.551700000000000000e+04
3.557800000000000000e+04
3.564100000000000000e+04
3.570600000000000000e+04
3.577400000000000000e+04
3.584400000000000000e+04
3.591600000000000000e+04
3.598700000000000000e+04
3.606100000000000000e+04
3.613700000000000000e+04
3.621300000000000000e+04
3.629300000000000000e+04
3.637200000000000000e+04
3.644900000000000000e+04
3.652600000000000000e+04
3.660600000000000000e+04
3.668600000000000000e+04
3.676500000000000000e+04
3.684300000000000000e+04
3.692300000000000000e+04
3.700200000000000000e+04
3.707900000000000000e+04
3.715300000000000000e+04
3.722600000000000000e+04
3.729500000000000000e+04
3.736300000000000000e+04
3.742900000000000000e+04
3.749400000000000000e+04
3.755700000000000000e+04
3.761700000000000000e+04
3.767500000000000000e+04
3.773100000000000000e+04
3.778600000000000000e+04
3.783800000000000000e+04
3.788900000000000000e+04
3.793800000000000000e+04
3.798500000000000000e+04
3.803000000000000000e+04
3.807300000000000000e+04
3.811500000000000000e+04
3.815600000000000000e+04
3.819600000000000000e+04
3.823500000000000000e+04
3.827200000000000000e+04
3.830800000000000000e+04
3.834300000000000000e+04
3.837700000000000000e+04
3.841000000000000000e+04
3.844300000000000000e+04
3.847500000000000000e+04
3.850600000000000000e+04
3.853600000000000000e+04
3.856600000000000000e+04
3.859500000000000000e+04
3.862300000000000000e+04
3.865100000000000000e+04
3.867800000000000000e+04
3.870500000000000000e+04
3.873200000000000000e+04
3.875800000000000000e+04
3.878400000000000000e+04
3.880900000000000000e+04
3.883400000000000000e+04
3.885900000000000000e+04
3.888300000000000000e+04
3.890700000000000000e+04
3.893100000000000000e+04
3.895500000000000000e+04
3.897900000000000000e+04
3.900200000000000000e+04
3.902500000000000000e+04
3.904800000000000000e+04
3.907100000000000000e+04
3.909400000000000000e+04
3.911700000000000000e+04
3.913900000000000000e+04
3.916100000000000000e+04
3.918400000000000000e+04
3.920700000000000000e+04
3.922900000000000000e+04
3.925100000000000000e+04
3.927400000000000000e+04
3.929600000000000000e+04
3.931900000000000000e+04
3.934200000000000000e+04
3.936500000000000000e+04
3.938800000000000000e+04
3.941100000000000000e+04
3.943400000000000000e+04
3.945700000000000000e+04
3.948000000000000000e+04
3.950300000000000000e+04
3.952700000000000000e+04
3.955100000000000000e+04
3.957500000000000000e+04
3.959900000000000000e+04
3.962400000000000000e+04
3.964900000000000000e+04
3.967400000000000000e+04
3.969900000000000000e+04
3.972500000000000000e+04
3.975100000000000000e+04
3.977800000000000000e+04
3.980600000000000000e+04
3.983400000000000000e+04
3.986200000000000000e+04
3.989100000000000000e+04
3.992000000000000000e+04
3.995000000000000000e+04
3.998000000000000000e+04
4.001100000000000000e+04
4.004300000000000000e+04
4.007600000000000000e+04
4.011000000000000000e+04
4.014200000000000000e+04
4.017200000000000000e+04
4.020100000000000000e+04
4.022900000000000000e+04
4.025500000000000000e+04
4.028000000000000000e+04
4.030500000000000000e+04
4.032900000000000000e+04
4.035300000000000000e+04
4.037600000000000000e+04
4.039900000000000000e+04
4.042100000000000000e+04
4.044300000000000000e+04
4.046500000000000000e+04
4.048600000000000000e+04
4.050700000000000000e+04
4.052800000000000000e+04
4.054900000000000000e+04
4.056900000000000000e+04
4.059000000000000000e+04
4.061000000000000000e+04
4.063000000000000000e+04
4.065000000000000000e+04
4.067100000000000000e+04
4.069200000000000000e+04
4.071300000000000000e+04
4.073400000000000000e+04
4.075500000000000000e+04
4.077700000000000000e+04
4.079900000000000000e+04
4.082100000000000000e+04
4.084400000000000000e+04
4.086700000000000000e+04
4.089100000000000000e+04
4.091500000000000000e+04
4.093900000000000000e+04
4.096300000000000000e+04
4.098700000000000000e+04
4.101100000000000000e+04
4.103500000000000000e+04
4.106000000000000000e+04
4.108500000000000000e+04
4.111000000000000000e+04
4.113600000000000000e+04
4.116200000000000000e+04
4.118900000000000000e+04
4.121700000000000000e+04
4.124500000000000000e+04
4.127400000000000000e+04
4.130400000000000000e+04
4.133500000000000000e+04
4.136700000000000000e+04
4.140100000000000000e+04
4.143600000000000000e+04
4.147300000000000000e+04
4.151200000000000000e+04
4.155300000000000000e+04
4.159700000000000000e+04
4.164400000000000000e+04
4.169300000000000000e+04
4.173900000000000000e+04
4.178300000000000000e+04
4.182500000000000000e+04
4.186700000000000000e+04
4.190700000000000000e+04
4.194700000000000000e+04
4.198500000000000000e+04
4.202200000000000000e+04
4.205800000000000000e+04
4.209400000000000000e+04
4.212900000000000000e+04
4.216400000000000000e+04
4.219800000000000000e+04
4.223100000000000000e+04
4.226400000000000000e+04
4.229700000000000000e+04
4.232900000000000000e+04
4.236000000000000000e+04
4.239100000000000000e+04
4.242100000000000000e+04
4.245100000000000000e+04
4.248100000000000000e+04
4.250900000000000000e+04
4.253700000000000000e+04
4.256400000000000000e+04
4.259100000000000000e+04
4.261700000000000000e+04
4.264200000000000000e+04
4.266700000000000000e+04
4.269200000000000000e+04
4.271600000000000000e+04
4.274000000000000000e+04
4.276400000000000000e+04
4.278800000000000000e+04
4.281200000000000000e+04
4.283500000000000000e+04
4.285800000000000000e+04
4.288100000000000000e+04
4.290400000000000000e+04
4.292700000000000000e+04
4.295000000000000000e+04
4.297200000000000000e+04
4.299500000000000000e+04
4.301700000000000000e+04
4.303900000000000000e+04
4.306100000000000000e+04
4.308300000000000000e+04
4.310500000000000000e+04
4.312800000000000000e+04
4.315100000000000000e+04
4.317400000000000000e+04
4.319700000000000000e+04
4.322000000000000000e+04
4.324300000000000000e+04
4.326700000000000000e+04
4.329100000000000000e+04
4.331500000000000000e+04
4.334000000000000000e+04
4.336500000000000000e+04
4.339000000000000000e+04
4.341500000000000000e+04
4.344100000000000000e+04
4.346700000000000000e+04
4.349400000000000000e+04
4.352100000000000000e+04
4.354900000000000000e+04
4.357800000000000000e+04
4.360700000000000000e+04
4.363700000000000000e+04
4.366800000000000000e+04
4.370000000000000000e+04
4.373300000000000000e+04
4.376700000000000000e+04
4.380200000000000000e+04
4.383800000000000000e+04
4.387500000000000000e+04
4.391400000000000000e+04
4.395400000000000000e+04
4.399500000000000000e+04
4.403900000000000000e+04
4.408400000000000000e+04
4.413100000000000000e+04
4.418000000000000000e+04
4.423100000000000000e+04
4.428500000000000000e+04
4.434300000000000000e+04
4.440000000000000000e+04
4.445700000000000000e+04
4.451300000000000000e+04
4.456900000000000000e+04
4.462400000000000000e+04
4.467900000000000000e+04
4.473300000000000000e+04
4.478800000000000000e+04
4.484300000000000000e+04
4.489800000000000000e+04
4.495300000000000000e+04
4.500700000000000000e+04
4.506200000000000000e+04
4.511900000000000000e+04
4.517400000000000000e+04
4.523000000000000000e+04
4.528500000000000000e+04
4.534200000000000000e+04
4.539900000000000000e+04
4.545700000000000000e+04
4.551600000000000000e+04
4.557700000000000000e+04
4.563800000000000000e+04
4.570000000000000000e+04
4.576200000000000000e+04
4.582500000000000000e+04
4.588800000000000000e+04
4.594900000000000000e+04
4.601000000000000000e+04
4.607200000000000000e+04
4.613400000000000000e+04
4.619600000000000000e+04
4.625900000000000000e+04
4.632400000000000000e+04
4.638900000000000000e+04
4.645700000000000000e+04
4.652600000000000000e+04
4.659700000000000000e+04
4.666500000000000000e+04
4.672900000000000000e+04
4.678900000000000000e+04
4.684800000000000000e+04
4.690700000000000000e+04
4.696300000000000000e+04
4.701800000000000000e+04
4.707100000000000000e+04
4.712000000000000000e+04
4.716700000000000000e+04
4.721400000000000000e+04
4.726000000000000000e+04
4.730500000000000000e+04
4.734900000000000000e+04
4.739200000000000000e+04
4.743500000000000000e+04
4.747700000000000000e+04
4.751700000000000000e+04
4.755600000000000000e+04
4.759400000000000000e+04
4.763200000000000000e+04
4.766900000000000000e+04
4.770500000000000000e+04
4.774000000000000000e+04
4.777500000000000000e+04
4.780900000000000000e+04
4.784200000000000000e+04
4.787500000000000000e+04
4.790700000000000000e+04
4.793900000000000000e+04
4.797000000000000000e+04
4.800000000000000000e+04
4.803000000000000000e+04
4.806000000000000000e+04
4.809000000000000000e+04
4.811900000000000000e+04
4.814800000000000000e+04
4.817700000000000000e+04
4.820600000000000000e+04
4.823400000000000000e+04
4.826200000000000000e+04
4.829000000000000000e+04
4.831800000000000000e+04
4.834600000000000000e+04
4.837400000000000000e+04
4.840200000000000000e+04
4.843000000000000000e+04
4.845800000000000000e+04
4.848600000000000000e+04
4.851400000000000000e+04
4.854300000000000000e+04
4.857200000000000000e+04
4.860000000000000000e+04
4.862700000000000000e+04
4.865400000000000000e+04
4.868100000000000000e+04
4.870800000000000000e+04
4.873500000000000000e+04
4.876200000000000000e+04
4.878900000000000000e+04
4.881600000000000000e+04
4.884300000000000000e+04
4.887000000000000000e+04
4.889600000000000000e+04
4.892200000000000000e+04
4.894900000000000000e+04
4.897500000000000000e+04
4.900200000000000000e+04
4.902800000000000000e+04
4.905500000000000000e+04
4.908200000000000000e+04
4.910900000000000000e+04
4.913600000000000000e+04
4.916300000000000000e+04
4.919100000000000000e+04
4.921900000000000000e+04
4.924700000000000000e+04
4.927500000000000000e+04
4.930300000000000000e+04
4.933200000000000000e+04
4.936100000000000000e+04
4.939000000000000000e+04
4.942000000000000000e+04
4.945000000000000000e+04
4.948000000000000000e+04
4.951100000000000000e+04
4.954300000000000000e+04
4.957500000000000000e+04
4.960700000000000000e+04
4.963900000000000000e+04
4.967000000000000000e+04
4.970100000000000000e+04
4.973200000000000000e+04
4.976300000000000000e+04
4.979300000000000000e+04
4.982300000000000000e+04
4.985300000000000000e+04
4.988300000000000000e+04
4.991300000000000000e+04
4.994300000000000000e+04
4.997300000000000000e+04
5.000300000000000000e+04
5.003300000000000000e+04
5.006300000000000000e+04
5.009400000000000000e+04
5.012500000000000000e+04
5.015600000000000000e+04
5.018700000000000000e+04
5.021900000000000000e+04
5.025000000000000000e+04
5.028000000000000000e+04
5.030900000000000000e+04
5.033700000000000000e+04
5.036500000000000000e+04
5.039300000000000000e+04
5.042000000000000000e+04
5.044700000000000000e+04
5.047400000000000000e+04
5.050000000000000000e+04
5.052600000000000000e+04
5.055200000000000000e+04
5.057800000000000000e+04
5.060500000000000000e+04
5.063200000000000000e+04
5.065900000000000000e+04
5.068600000000000000e+04
5.071400000000000000e+04
5.074200000000000000e+04
5.077000000000000000e+04
5.079700000000000000e+04
5.082400000000000000e+04
5.085100000000000000e+04
5.087700000000000000e+04
5.090400000000000000e+04
5.093000000000000000e+04
5.095700000000000000e+04
5.098400000000000000e+04
5.101100000000000000e+04
5.103800000000000000e+04
5.106600000000000000e+04
5.109400000000000000e+04
5.112300000000000000e+04
5.115200000000000000e+04
5.118200000000000000e+04
5.121300000000000000e+04
5.124500000000000000e+04
5.127800000000000000e+04
5.131200000000000000e+04
5.134900000000000000e+04
5.138600000000000000e+04
5.142600000000000000e+04
5.146700000000000000e+04
5.150700000000000000e+04
5.154800000000000000e+04
5.158900000000000000e+04
5.163000000000000000e+04
5.167100000000000000e+04
5.171300000000000000e+04
5.175400000000000000e+04
5.179700000000000000e+04
5.184000000000000000e+04
5.188400000000000000e+04
5.192900000000000000e+04
5.197600000000000000e+04
5.202400000000000000e+04
5.207300000000000000e+04
5.212400000000000000e+04
5.217600000000000000e+04
5.222700000000000000e+04
5.227500000000000000e+04
5.232300000000000000e+04
5.236900000000000000e+04
5.241500000000000000e+04
5.245900000000000000e+04
5.250200000000000000e+04
5.254400000000000000e+04
5.258600000000000000e+04
5.262700000000000000e+04
5.266600000000000000e+04
5.270500000000000000e+04
5.274400000000000000e+04
5.278200000000000000e+04
5.281900000000000000e+04
5.285600000000000000e+04
5.289200000000000000e+04
5.292700000000000000e+04
5.296200000000000000e+04
5.299600000000000000e+04
5.303100000000000000e+04
5.306500000000000000e+04
5.310000000000000000e+04
5.313400000000000000e+04
5.316800000000000000e+04
5.320100000000000000e+04
5.323400000000000000e+04
5.326800000000000000e+04
5.330200000000000000e+04
5.333500000000000000e+04
5.336800000000000000e+04
5.340100000000000000e+04
5.343500000000000000e+04
5.346900000000000000e+04
5.350300000000000000e+04
5.353700000000000000e+04
5.357200000000000000e+04
5.360700000000000000e+04
5.364100000000000000e+04
5.367500000000000000e+04
5.370800000000000000e+04
5.374100000000000000e+04
5.377400000000000000e+04
5.380700000000000000e+04
5.384000000000000000e+04
5.387200000000000000e+04
5.390400000000000000e+04
5.393600000000000000e+04
5.396700000000000000e+04
5.399700000000000000e+04
5.402800000000000000e+04
5.405900000000000000e+04
5.408900000000000000e+04
5.411900000000000000e+04
5.414900000000000000e+04
5.417900000000000000e+04
5.420800000000000000e+04
5.423800000000000000e+04
5.426700000000000000e+04
5.429700000000000000e+04
5.432600000000000000e+04
5.435500000000000000e+04
5.438500000000000000e+04
5.441400000000000000e+04
5.444400000000000000e+04
5.447400000000000000e+04
5.450300000000000000e+04
5.453300000000000000e+04
5.456300000000000000e+04
5.459300000000000000e+04
5.462300000000000000e+04
5.465300000000000000e+04
5.468400000000000000e+04
5.471500000000000000e+04
5.474700000000000000e+04
5.477900000000000000e+04
5.481100000000000000e+04
5.484300000000000000e+04
5.487500000000000000e+04
5.490500000000000000e+04
5.493400000000000000e+04
5.496300000000000000e+04
5.499200000000000000e+04
5.502100000000000000e+04
5.504900000000000000e+04
5.507700000000000000e+04
5.510500000000000000e+04
5.513200000000000000e+04
5.515900000000000000e+04
5.518600000000000000e+04
5.521300000000000000e+04
5.523900000000000000e+04
5.526600000000000000e+04
5.529300000000000000e+04
5.531900000000000000e+04
5.534500000000000000e+04
5.537200000000000000e+04
5.539900000000000000e+04
5.542600000000000000e+04
5.545400000000000000e+04
5.548200000000000000e+04
5.551000000000000000e+04
5.553800000000000000e+04
5.556500000000000000e+04
5.559200000000000000e+04
5.561900000000000000e+04
5.564500000000000000e+04
5.567100000000000000e+04
5.569700000000000000e+04
5.572300000000000000e+04
5.574900000000000000e+04
5.577400000000000000e+04
5.579700000000000000e+04
5.581900000000000000e+04
5.584000000000000000e+04
5.586000000000000000e+04
5.588000000000000000e+04
5.589900000000000000e+04
5.591700000000000000e+04
5.593500000000000000e+04
5.595200000000000000e+04
5.596900000000000000e+04
5.598500000000000000e+04
5.600100000000000000e+04
5.601700000000000000e+04
5.603200000000000000e+04
5.604700000000000000e+04
5.606200000000000000e+04
5.607700000000000000e+04
5.609200000000000000e+04
5.610600000000000000e+04
5.612000000000000000e+04
5.613400000000000000e+04
5.614800000000000000e+04
5.616200000000000000e+04
5.617600000000000000e+04
5.619000000000000000e+04
5.620400000000000000e+04
5.621700000000000000e+04
5.623000000000000000e+04
5.624300000000000000e+04
5.625600000000000000e+04
5.626900000000000000e+04
5.628200000000000000e+04
5.629500000000000000e+04
5.630800000000000000e+04
5.632100000000000000e+04
5.633400000000000000e+04
5.634800000000000000e+04
5.636200000000000000e+04
5.637600000000000000e+04
5.639000000000000000e+04
5.640400000000000000e+04
5.641800000000000000e+04
5.643200000000000000e+04
5.644700000000000000e+04
5.646200000000000000e+04
5.647700000000000000e+04
5.649200000000000000e+04
5.650700000000000000e+04
5.652300000000000000e+04
5.653900000000000000e+04
5.655500000000000000e+04
5.657100000000000000e+04
5.658700000000000000e+04
5.660300000000000000e+04
5.661900000000000000e+04
5.663600000000000000e+04
5.665300000000000000e+04
5.667000000000000000e+04
5.668800000000000000e+04
5.670600000000000000e+04
5.672400000000000000e+04
5.674300000000000000e+04
5.676200000000000000e+04
5.678200000000000000e+04
5.680200000000000000e+04
5.682300000000000000e+04
5.684500000000000000e+04
5.686800000000000000e+04
5.689100000000000000e+04
5.691500000000000000e+04
5.694000000000000000e+04
5.696600000000000000e+04
5.699400000000000000e+04
5.702400000000000000e+04
5.705500000000000000e+04
5.708800000000000000e+04
5.712200000000000000e+04
5.715600000000000000e+04
5.719100000000000000e+04
5.722700000000000000e+04
5.726300000000000000e+04
5.729900000000000000e+04
5.733500000000000000e+04
5.737200000000000000e+04
5.740800000000000000e+04
5.744400000000000000e+04
5.748100000000000000e+04
5.751800000000000000e+04
5.755600000000000000e+04
5.759400000000000000e+04
5.763200000000000000e+04
5.767000000000000000e+04
5.770900000000000000e+04
5.774900000000000000e+04
5.779000000000000000e+04
5.783200000000000000e+04
5.787500000000000000e+04
5.791900000000000000e+04
5.796400000000000000e+04
5.801100000000000000e+04
5.805900000000000000e+04
5.810900000000000000e+04
5.816100000000000000e+04
5.821500000000000000e+04
5.827300000000000000e+04
5.833400000000000000e+04
5.840000000000000000e+04
5.846900000000000000e+04
5.854500000000000000e+04
5.862800000000000000e+04
5.871700000000000000e+04
5.881800000000000000e+04
5.893100000000000000e+04
5.905800000000000000e+04
5.920900000000000000e+04
5.937300000000000000e+04
5.954000000000000000e+04
5.969600000000000000e+04
5.984000000000000000e+04
5.997500000000000000e+04
6.009700000000000000e+04
6.020900000000000000e+04
6.031400000000000000e+04
6.040800000000000000e+04
6.049900000000000000e+04
6.058000000000000000e+04
6.065800000000000000e+04
6.073100000000000000e+04
6.080000000000000000e+04
6.086700000000000000e+04
6.092900000000000000e+04
6.098900000000000000e+04
6.104700000000000000e+04
6.110000000000000000e+04
6.115200000000000000e+04
6.120200000000000000e+04
6.125100000000000000e+04
6.129600000000000000e+04
6.134000000000000000e+04
6.138200000000000000e+04
6.142300000000000000e+04
6.146300000000000000e+04
6.150200000000000000e+04
6.154000000000000000e+04
6.157700000000000000e+04
6.161300000000000000e+04
6.164800000000000000e+04
6.168200000000000000e+04
6.171500000000000000e+04
6.174700000000000000e+04
6.177800000000000000e+04
6.180800000000000000e+04
6.183700000000000000e+04
6.186500000000000000e+04
6.189300000000000000e+04
6.192000000000000000e+04
6.194700000000000000e+04
6.197300000000000000e+04
6.199900000000000000e+04
6.202400000000000000e+04
6.204900000000000000e+04
6.207300000000000000e+04
6.209700000000000000e+04
6.212100000000000000e+04
6.214500000000000000e+04
6.216800000000000000e+04
6.219100000000000000e+04
6.221400000000000000e+04
6.223600000000000000e+04
6.225800000000000000e+04
6.228000000000000000e+04
6.230200000000000000e+04
6.232300000000000000e+04
6.234400000000000000e+04
6.236500000000000000e+04
6.238600000000000000e+04
6.240700000000000000e+04
6.242800000000000000e+04
6.244900000000000000e+04
6.246900000000000000e+04
6.248900000000000000e+04
6.250900000000000000e+04
6.252900000000000000e+04
6.254900000000000000e+04
6.256900000000000000e+04
6.258900000000000000e+04
6.260900000000000000e+04
6.262900000000000000e+04
6.264900000000000000e+04
6.266900000000000000e+04
6.268900000000000000e+04
6.271000000000000000e+04
6.273100000000000000e+04
6.275200000000000000e+04
6.277300000000000000e+04
6.279400000000000000e+04
6.281500000000000000e+04
6.283600000000000000e+04
6.285700000000000000e+04
6.287900000000000000e+04
6.290100000000000000e+04
6.292300000000000000e+04
6.294600000000000000e+04
6.296900000000000000e+04
6.299200000000000000e+04
6.301500000000000000e+04
6.303900000000000000e+04
6.306300000000000000e+04
6.308700000000000000e+04
6.311200000000000000e+04
6.313700000000000000e+04
6.316300000000000000e+04
6.318900000000000000e+04
6.321500000000000000e+04
6.324200000000000000e+04
6.326900000000000000e+04
6.329600000000000000e+04
6.332300000000000000e+04
6.335100000000000000e+04
6.337900000000000000e+04
6.340700000000000000e+04
6.343600000000000000e+04
6.346500000000000000e+04
6.349400000000000000e+04
6.352300000000000000e+04
6.355300000000000000e+04
6.358200000000000000e+04
6.361100000000000000e+04
6.363900000000000000e+04
6.366500000000000000e+04
6.369000000000000000e+04
6.371300000000000000e+04
6.373500000000000000e+04
6.375600000000000000e+04
6.377700000000000000e+04
6.379700000000000000e+04
6.381600000000000000e+04
6.383500000000000000e+04
6.385300000000000000e+04
6.387100000000000000e+04
6.388800000000000000e+04
6.390500000000000000e+04
6.392100000000000000e+04
6.393700000000000000e+04
6.395300000000000000e+04
6.396800000000000000e+04
6.398300000000000000e+04
6.399800000000000000e+04
6.401300000000000000e+04
6.402700000000000000e+04
6.404100000000000000e+04
6.405500000000000000e+04
6.406900000000000000e+04
6.408300000000000000e+04
6.409700000000000000e+04
6.411000000000000000e+04
6.412300000000000000e+04
6.413600000000000000e+04
6.414900000000000000e+04
6.416200000000000000e+04
6.417500000000000000e+04
6.418800000000000000e+04
6.420100000000000000e+04
6.421400000000000000e+04
6.422700000000000000e+04
6.424000000000000000e+04
6.425300000000000000e+04
6.426600000000000000e+04
6.427900000000000000e+04
6.429200000000000000e+04
6.430500000000000000e+04
6.431800000000000000e+04
6.433100000000000000e+04
6.434400000000000000e+04
6.435700000000000000e+04
6.437000000000000000e+04
6.438300000000000000e+04
6.439600000000000000e+04
6.441000000000000000e+04
6.442400000000000000e+04
6.443800000000000000e+04
6.445200000000000000e+04
6.446600000000000000e+04
6.448100000000000000e+04
6.449600000000000000e+04
6.451100000000000000e+04
6.452700000000000000e+04
6.454300000000000000e+04
6.455900000000000000e+04
6.457500000000000000e+04
6.459200000000000000e+04
6.460900000000000000e+04
6.462600000000000000e+04
6.464300000000000000e+04
6.466100000000000000e+04
6.467900000000000000e+04
6.469700000000000000e+04
6.471600000000000000e+04
6.473500000000000000e+04
6.475500000000000000e+04
6.477500000000000000e+04
6.479600000000000000e+04
6.481800000000000000e+04
6.484100000000000000e+04
6.486400000000000000e+04
6.488800000000000000e+04
6.491300000000000000e+04
6.494000000000000000e+04
6.496800000000000000e+04
6.499800000000000000e+04
6.502900000000000000e+04
6.506200000000000000e+04
6.509600000000000000e+04
6.513200000000000000e+04
6.517000000000000000e+04
6.520900000000000000e+04
6.524800000000000000e+04
6.528900000000000000e+04
6.533000000000000000e+04
6.537300000000000000e+04
6.541600000000000000e+04
6.546100000000000000e+04
6.550800000000000000e+04
6.555500000000000000e+04
6.560200000000000000e+04
6.564700000000000000e+04
6.569100000000000000e+04
6.573400000000000000e+04
6.577600000000000000e+04
6.581700000000000000e+04
6.585700000000000000e+04
6.589600000000000000e+04
6.593400000000000000e+04
6.597100000000000000e+04
6.600700000000000000e+04
6.604200000000000000e+04
6.607700000000000000e+04
6.611100000000000000e+04
6.614500000000000000e+04
6.617900000000000000e+04
6.621200000000000000e+04
6.624400000000000000e+04
6.627600000000000000e+04
6.630700000000000000e+04
6.633800000000000000e+04
6.636900000000000000e+04
6.639900000000000000e+04
6.642800000000000000e+04
6.645700000000000000e+04
6.648500000000000000e+04
6.651300000000000000e+04
6.654000000000000000e+04
6.656700000000000000e+04
6.659300000000000000e+04
6.661900000000000000e+04
6.664500000000000000e+04
6.667000000000000000e+04
6.669500000000000000e+04
6.672000000000000000e+04
6.674400000000000000e+04
6.676800000000000000e+04
6.679200000000000000e+04
6.681600000000000000e+04
6.683900000000000000e+04
6.686200000000000000e+04
6.688500000000000000e+04
6.690800000000000000e+04
6.693000000000000000e+04
6.695200000000000000e+04
6.697400000000000000e+04
6.699600000000000000e+04
6.701800000000000000e+04
6.703900000000000000e+04
6.706100000000000000e+04
6.708300000000000000e+04
6.710400000000000000e+04
6.712500000000000000e+04
6.714600000000000000e+04
6.716700000000000000e+04
6.718800000000000000e+04
6.720900000000000000e+04
6.723000000000000000e+04
6.725100000000000000e+04
6.727200000000000000e+04
6.729300000000000000e+04
6.731400000000000000e+04
6.733500000000000000e+04
6.735700000000000000e+04
6.737900000000000000e+04
6.740100000000000000e+04
6.742300000000000000e+04
6.744500000000000000e+04
6.746800000000000000e+04
6.749100000000000000e+04
6.751400000000000000e+04
6.753800000000000000e+04
6.756200000000000000e+04
6.758700000000000000e+04
6.761200000000000000e+04
6.763800000000000000e+04
6.766400000000000000e+04
6.769000000000000000e+04
6.771600000000000000e+04
6.774200000000000000e+04
6.776800000000000000e+04
6.779500000000000000e+04
6.782200000000000000e+04
6.784900000000000000e+04
6.787600000000000000e+04
6.790400000000000000e+04
6.793200000000000000e+04
6.796000000000000000e+04
6.798900000000000000e+04
6.801800000000000000e+04
6.804800000000000000e+04
6.807800000000000000e+04
6.810900000000000000e+04
6.814000000000000000e+04
6.817100000000000000e+04
6.820400000000000000e+04
6.823700000000000000e+04
6.827100000000000000e+04
6.830500000000000000e+04
6.834000000000000000e+04
6.837600000000000000e+04
6.841200000000000000e+04
6.844900000000000000e+04
6.848700000000000000e+04
6.852500000000000000e+04
6.856300000000000000e+04
6.860300000000000000e+04
6.864300000000000000e+04
6.868300000000000000e+04
6.872200000000000000e+04
6.876100000000000000e+04
6.880000000000000000e+04
6.883900000000000000e+04
6.887900000000000000e+04
6.891800000000000000e+04
6.895700000000000000e+04
6.899500000000000000e+04
6.903300000000000000e+04
6.907000000000000000e+04
6.910700000000000000e+04
6.914300000000000000e+04
6.917900000000000000e+04
6.921400000000000000e+04
6.924900000000000000e+04
6.928400000000000000e+04
6.931900000000000000e+04
6.935300000000000000e+04
6.938700000000000000e+04
6.942100000000000000e+04
6.945500000000000000e+04
6.948900000000000000e+04
6.952300000000000000e+04
6.955700000000000000e+04
6.959100000000000000e+04
6.962600000000000000e+04
6.966100000000000000e+04
6.969600000000000000e+04
6.973100000000000000e+04
6.976600000000000000e+04
6.980100000000000000e+04
6.983700000000000000e+04
6.987400000000000000e+04
6.991200000000000000e+04
6.995000000000000000e+04
6.998800000000000000e+04
7.002700000000000000e+04
7.006600000000000000e+04
7.010500000000000000e+04
7.014400000000000000e+04
7.018300000000000000e+04
7.022200000000000000e+04
7.026100000000000000e+04
7.030100000000000000e+04
7.034200000000000000e+04
7.038300000000000000e+04
7.042500000000000000e+04
7.046700000000000000e+04
7.051100000000000000e+04
7.055600000000000000e+04
7.060200000000000000e+04
7.065000000000000000e+04
7.069800000000000000e+04
7.074900000000000000e+04
7.080200000000000000e+04
7.085900000000000000e+04
7.091800000000000000e+04
7.098200000000000000e+04
7.104800000000000000e+04
7.112100000000000000e+04
7.120000000000000000e+04
7.128100000000000000e+04
7.137300000000000000e+04
7.148000000000000000e+04
7.160000000000000000e+04
7.172600000000000000e+04
7.186000000000000000e+04
7.198700000000000000e+04
7.212400000000000000e+04
7.224700000000000000e+04
7.236600000000000000e+04
7.248000000000000000e+04
7.258600000000000000e+04
7.268300000000000000e+04
7.277900000000000000e+04
7.287000000000000000e+04
7.295400000000000000e+04
7.303300000000000000e+04
7.310700000000000000e+04
7.317600000000000000e+04
7.324200000000000000e+04
7.330400000000000000e+04
7.336400000000000000e+04
7.342100000000000000e+04
7.347700000000000000e+04
7.353100000000000000e+04
7.358300000000000000e+04
7.363300000000000000e+04
7.368100000000000000e+04
7.372800000000000000e+04
7.377300000000000000e+04
7.381700000000000000e+04
7.385900000000000000e+04
7.390000000000000000e+04
7.394000000000000000e+04
7.397800000000000000e+04
7.401600000000000000e+04
7.405300000000000000e+04
7.408900000000000000e+04
7.412400000000000000e+04
7.415800000000000000e+04
7.419100000000000000e+04
7.422400000000000000e+04
7.425600000000000000e+04
7.428800000000000000e+04
7.431900000000000000e+04
7.435000000000000000e+04
7.438000000000000000e+04
7.441000000000000000e+04
7.443900000000000000e+04
7.446800000000000000e+04
7.449700000000000000e+04
7.452500000000000000e+04
7.455300000000000000e+04
7.458000000000000000e+04
7.460700000000000000e+04
7.463300000000000000e+04
7.465900000000000000e+04
7.468500000000000000e+04
7.471100000000000000e+04
7.473600000000000000e+04
7.476100000000000000e+04
7.478600000000000000e+04
7.481100000000000000e+04
7.483500000000000000e+04
7.485900000000000000e+04
7.488300000000000000e+04
7.490600000000000000e+04
7.492900000000000000e+04
7.495200000000000000e+04
7.497500000000000000e+04
7.499800000000000000e+04
7.502100000000000000e+04
7.504400000000000000e+04
7.506700000000000000e+04
7.508900000000000000e+04
7.511100000000000000e+04
7.513300000000000000e+04
7.515500000000000000e+04
7.517700000000000000e+04
7.519900000000000000e+04
7.522100000000000000e+04
7.524200000000000000e+04
7.526300000000000000e+04
7.528400000000000000e+04
7.530400000000000000e+04
7.532400000000000000e+04
7.534400000000000000e+04
7.536400000000000000e+04
7.538400000000000000e+04
7.540400000000000000e+04
7.542300000000000000e+04
7.544200000000000000e+04
7.546100000000000000e+04
7.548000000000000000e+04
7.549900000000000000e+04
7.551800000000000000e+04
7.553600000000000000e+04
7.555400000000000000e+04
7.557200000000000000e+04
7.559000000000000000e+04
7.560800000000000000e+04
7.562600000000000000e+04
7.564400000000000000e+04
7.566200000000000000e+04
7.567900000000000000e+04
7.569600000000000000e+04
7.571300000000000000e+04
7.573000000000000000e+04
7.574700000000000000e+04
7.576400000000000000e+04
7.578100000000000000e+04
7.579800000000000000e+04
7.581500000000000000e+04
7.583200000000000000e+04
7.584900000000000000e+04
7.586600000000000000e+04
7.588200000000000000e+04
7.589900000000000000e+04
7.591600000000000000e+04
7.593200000000000000e+04
7.594800000000000000e+04
7.596400000000000000e+04
7.598000000000000000e+04
7.599600000000000000e+04
7.601200000000000000e+04
7.602800000000000000e+04
7.604400000000000000e+04
7.606100000000000000e+04
7.607800000000000000e+04
7.609500000000000000e+04
7.611200000000000000e+04
7.612900000000000000e+04
7.614600000000000000e+04
7.616300000000000000e+04
7.618000000000000000e+04
7.619600000000000000e+04
7.621200000000000000e+04
7.622800000000000000e+04
7.624400000000000000e+04
7.626000000000000000e+04
7.627600000000000000e+04
7.629100000000000000e+04
7.630600000000000000e+04
7.632100000000000000e+04
7.633600000000000000e+04
7.635000000000000000e+04
7.636400000000000000e+04
7.637800000000000000e+04
7.639200000000000000e+04
7.640600000000000000e+04
7.641900000000000000e+04
7.643200000000000000e+04
7.644500000000000000e+04
7.645800000000000000e+04
7.647100000000000000e+04
7.648400000000000000e+04
7.649700000000000000e+04
7.651000000000000000e+04
7.652300000000000000e+04
7.653600000000000000e+04
7.654900000000000000e+04
7.656200000000000000e+04
7.657500000000000000e+04
7.658800000000000000e+04
7.660100000000000000e+04
7.661400000000000000e+04
7.662700000000000000e+04
7.664000000000000000e+04
7.665300000000000000e+04
7.666600000000000000e+04
7.668000000000000000e+04
7.669400000000000000e+04
7.670800000000000000e+04
7.672200000000000000e+04
7.673600000000000000e+04
7.675100000000000000e+04
7.676600000000000000e+04
7.678100000000000000e+04
7.679600000000000000e+04
7.681200000000000000e+04
7.682800000000000000e+04
7.684500000000000000e+04
7.686200000000000000e+04
7.687900000000000000e+04
7.689700000000000000e+04
7.691500000000000000e+04
7.693400000000000000e+04
7.695300000000000000e+04
7.697300000000000000e+04
7.699300000000000000e+04
7.701400000000000000e+04
7.703600000000000000e+04
7.705900000000000000e+04
7.708300000000000000e+04
7.710700000000000000e+04
7.713300000000000000e+04
7.716000000000000000e+04
7.718600000000000000e+04
7.721100000000000000e+04
7.723600000000000000e+04
7.726000000000000000e+04
7.728400000000000000e+04
7.730800000000000000e+04
7.733100000000000000e+04
7.735400000000000000e+04
7.737700000000000000e+04
7.740000000000000000e+04
7.742300000000000000e+04
7.744600000000000000e+04
7.746900000000000000e+04
7.749200000000000000e+04
7.751500000000000000e+04
7.753800000000000000e+04
7.756100000000000000e+04
7.758500000000000000e+04
7.760900000000000000e+04
7.763300000000000000e+04
7.765800000000000000e+04
7.768300000000000000e+04
7.770900000000000000e+04
7.773500000000000000e+04
7.776200000000000000e+04
7.779000000000000000e+04
7.781900000000000000e+04
7.784900000000000000e+04
7.788000000000000000e+04
7.791200000000000000e+04
7.794600000000000000e+04
7.798100000000000000e+04
7.801800000000000000e+04
7.805700000000000000e+04
7.809800000000000000e+04
7.814100000000000000e+04
7.818800000000000000e+04
7.823900000000000000e+04
7.829700000000000000e+04
7.836300000000000000e+04
7.843800000000000000e+04
7.851600000000000000e+04
7.860300000000000000e+04
7.870600000000000000e+04
7.883300000000000000e+04
7.897600000000000000e+04
7.914700000000000000e+04
7.935400000000000000e+04
7.957600000000000000e+04
7.982000000000000000e+04
8.004700000000000000e+04
8.025100000000000000e+04
8.042300000000000000e+04
8.057500000000000000e+04
8.071000000000000000e+04
8.083400000000000000e+04
8.095000000000000000e+04
8.105500000000000000e+04
8.115200000000000000e+04
8.124400000000000000e+04
8.132700000000000000e+04
8.140800000000000000e+04
8.148300000000000000e+04
8.155600000000000000e+04
8.162300000000000000e+04
8.168800000000000000e+04
8.174900000000000000e+04
8.180800000000000000e+04
8.186400000000000000e+04
8.191700000000000000e+04
8.196800000000000000e+04
8.201800000000000000e+04
8.206500000000000000e+04
8.211000000000000000e+04
8.215400000000000000e+04
8.219700000000000000e+04
8.223700000000000000e+04
8.227600000000000000e+04
8.231400000000000000e+04
8.235100000000000000e+04
8.238700000000000000e+04
8.242200000000000000e+04
8.245600000000000000e+04
8.248800000000000000e+04
8.252000000000000000e+04
8.255100000000000000e+04
8.258100000000000000e+04
8.261100000000000000e+04
8.264000000000000000e+04
8.266800000000000000e+04
8.269600000000000000e+04
8.272300000000000000e+04
8.274900000000000000e+04
8.277500000000000000e+04
8.280000000000000000e+04
8.282400000000000000e+04
8.284800000000000000e+04
8.287200000000000000e+04
8.289600000000000000e+04
8.291900000000000000e+04
8.294200000000000000e+04
8.296500000000000000e+04
8.298700000000000000e+04
8.300900000000000000e+04
8.303000000000000000e+04
8.305100000000000000e+04
8.307200000000000000e+04
8.309300000000000000e+04
8.311300000000000000e+04
8.313300000000000000e+04
8.315300000000000000e+04
8.317200000000000000e+04
8.319200000000000000e+04
8.321100000000000000e+04
8.323000000000000000e+04
8.324900000000000000e+04
8.326800000000000000e+04
8.328700000000000000e+04
8.330500000000000000e+04
8.332300000000000000e+04
8.334100000000000000e+04
8.335900000000000000e+04
8.337700000000000000e+04
8.339500000000000000e+04
8.341300000000000000e+04
8.343100000000000000e+04
8.344900000000000000e+04
8.346700000000000000e+04
8.348500000000000000e+04
8.350300000000000000e+04
8.352000000000000000e+04
8.353800000000000000e+04
8.355600000000000000e+04
8.357300000000000000e+04
8.359100000000000000e+04
8.360800000000000000e+04
8.362500000000000000e+04
8.364300000000000000e+04
8.366100000000000000e+04
8.367900000000000000e+04
8.369700000000000000e+04
8.371400000000000000e+04
8.373200000000000000e+04
8.375000000000000000e+04
8.376800000000000000e+04
8.378600000000000000e+04
8.380400000000000000e+04
8.382200000000000000e+04
8.384000000000000000e+04
8.385800000000000000e+04
8.387600000000000000e+04
8.389400000000000000e+04
8.391200000000000000e+04
8.393000000000000000e+04
8.394800000000000000e+04
8.396600000000000000e+04
8.398500000000000000e+04
8.400400000000000000e+04
8.402300000000000000e+04
8.404200000000000000e+04
8.406100000000000000e+04
8.408000000000000000e+04
8.409900000000000000e+04
8.411800000000000000e+04
8.413700000000000000e+04
8.415700000000000000e+04
8.417700000000000000e+04
8.419700000000000000e+04
8.421700000000000000e+04
8.423700000000000000e+04
8.425800000000000000e+04
8.427900000000000000e+04
8.430000000000000000e+04
8.432000000000000000e+04
8.433900000000000000e+04
8.435800000000000000e+04
8.437600000000000000e+04
8.439300000000000000e+04
8.441000000000000000e+04
8.442700000000000000e+04
8.444300000000000000e+04
8.445900000000000000e+04
8.447400000000000000e+04
8.448900000000000000e+04
8.450400000000000000e+04
8.451900000000000000e+04
8.453300000000000000e+04
8.454700000000000000e+04
8.456100000000000000e+04
8.457500000000000000e+04
8.458900000000000000e+04
8.460300000000000000e+04
8.461600000000000000e+04
8.462900000000000000e+04
8.464200000000000000e+04
8.465500000000000000e+04
8.466800000000000000e+04
8.468100000000000000e+04
8.469400000000000000e+04
8.470700000000000000e+04
8.472000000000000000e+04
8.473300000000000000e+04
8.474600000000000000e+04
8.475900000000000000e+04
8.477200000000000000e+04
8.478500000000000000e+04
8.479800000000000000e+04
8.481100000000000000e+04
8.482400000000000000e+04
8.483700000000000000e+04
8.485000000000000000e+04
8.486400000000000000e+04
8.487800000000000000e+04
8.489200000000000000e+04
8.490600000000000000e+04
8.492000000000000000e+04
8.493500000000000000e+04
8.495000000000000000e+04
8.496500000000000000e+04
8.498000000000000000e+04
8.499600000000000000e+04
8.501200000000000000e+04
8.502900000000000000e+04
8.504600000000000000e+04
8.506300000000000000e+04
8.508100000000000000e+04
8.510000000000000000e+04
8.511900000000000000e+04
8.513900000000000000e+04
8.516000000000000000e+04
8.518100000000000000e+04
8.520300000000000000e+04
8.522500000000000000e+04
8.524800000000000000e+04
8.527200000000000000e+04
8.529600000000000000e+04
8.532200000000000000e+04
8.534900000000000000e+04
8.537700000000000000e+04
8.540600000000000000e+04
8.543700000000000000e+04
8.546900000000000000e+04
8.550300000000000000e+04
8.554000000000000000e+04
8.557900000000000000e+04
8.562000000000000000e+04
8.566200000000000000e+04
8.570400000000000000e+04
8.574800000000000000e+04
8.579200000000000000e+04
8.583800000000000000e+04
8.588300000000000000e+04
8.592800000000000000e+04
8.597400000000000000e+04
8.602100000000000000e+04
8.606900000000000000e+04
8.611700000000000000e+04
8.616500000000000000e+04
8.621500000000000000e+04
8.626400000000000000e+04
8.631500000000000000e+04
8.636800000000000000e+04
8.642000000000000000e+04
8.647200000000000000e+04
8.652500000000000000e+04
8.657600000000000000e+04
8.662700000000000000e+04
8.667500000000000000e+04
8.672200000000000000e+04
8.676700000000000000e+04
8.681000000000000000e+04
8.685200000000000000e+04
8.689300000000000000e+04
8.693300000000000000e+04
8.697200000000000000e+04
8.700900000000000000e+04
8.704600000000000000e+04
8.708200000000000000e+04
8.711700000000000000e+04
8.715100000000000000e+04
8.718400000000000000e+04
8.721700000000000000e+04
8.724900000000000000e+04
8.728000000000000000e+04
8.731100000000000000e+04
8.734100000000000000e+04
8.737100000000000000e+04
8.740000000000000000e+04
8.742900000000000000e+04
8.745700000000000000e+04
8.748500000000000000e+04
8.751300000000000000e+04
8.754000000000000000e+04
8.756700000000000000e+04
8.759300000000000000e+04
8.761900000000000000e+04
8.764500000000000000e+04
8.767100000000000000e+04
8.769600000000000000e+04
8.772200000000000000e+04
8.774700000000000000e+04
8.777200000000000000e+04
8.779700000000000000e+04
8.782100000000000000e+04
8.784400000000000000e+04
8.786700000000000000e+04
8.788900000000000000e+04
8.791100000000000000e+04
8.793300000000000000e+04
8.795400000000000000e+04
8.797500000000000000e+04
8.799500000000000000e+04
8.801500000000000000e+04
8.803500000000000000e+04
8.805400000000000000e+04
8.807300000000000000e+04
8.809200000000000000e+04
8.811000000000000000e+04
8.812800000000000000e+04
8.814600000000000000e+04
8.816300000000000000e+04
8.818000000000000000e+04
8.819700000000000000e+04
8.821300000000000000e+04
8.822900000000000000e+04
8.824500000000000000e+04
8.826100000000000000e+04
8.827600000000000000e+04
8.829100000000000000e+04
8.830600000000000000e+04
8.832100000000000000e+04
8.833500000000000000e+04
8.834900000000000000e+04
8.836300000000000000e+04
8.837700000000000000e+04
8.839000000000000000e+04
8.840300000000000000e+04
8.841600000000000000e+04
8.842900000000000000e+04
8.844200000000000000e+04
8.845400000000000000e+04
8.846600000000000000e+04
8.847800000000000000e+04
8.849000000000000000e+04
8.850200000000000000e+04
8.851400000000000000e+04
8.852500000000000000e+04
8.853600000000000000e+04
8.854700000000000000e+04
8.855800000000000000e+04
8.856900000000000000e+04
8.858000000000000000e+04
8.859100000000000000e+04
8.860200000000000000e+04
8.861200000000000000e+04
8.862200000000000000e+04
8.863200000000000000e+04
8.864200000000000000e+04
8.865200000000000000e+04
8.866200000000000000e+04
8.867200000000000000e+04
8.868200000000000000e+04
8.869200000000000000e+04
8.870200000000000000e+04
8.871200000000000000e+04
8.872200000000000000e+04
8.873200000000000000e+04
8.874200000000000000e+04
8.875200000000000000e+04
8.876100000000000000e+04
8.877000000000000000e+04
8.877900000000000000e+04
8.878800000000000000e+04
8.879700000000000000e+04
8.880600000000000000e+04
8.881500000000000000e+04
8.882400000000000000e+04
8.883300000000000000e+04
8.884200000000000000e+04
8.885100000000000000e+04
8.886100000000000000e+04
8.887100000000000000e+04
8.888100000000000000e+04
8.889100000000000000e+04
8.890100000000000000e+04
8.891100000000000000e+04
8.892100000000000000e+04
8.893100000000000000e+04
8.894100000000000000e+04
8.895100000000000000e+04
8.896100000000000000e+04
8.897100000000000000e+04
8.898200000000000000e+04
8.899300000000000000e+04
8.900400000000000000e+04
8.901500000000000000e+04
8.902600000000000000e+04
8.903700000000000000e+04
8.904900000000000000e+04
8.906100000000000000e+04
8.907300000000000000e+04
8.908600000000000000e+04
8.909900000000000000e+04
8.911200000000000000e+04
8.912600000000000000e+04
8.914000000000000000e+04
8.915500000000000000e+04
8.917000000000000000e+04
8.918500000000000000e+04
8.920000000000000000e+04
8.921500000000000000e+04
8.922900000000000000e+04
8.924300000000000000e+04
8.925700000000000000e+04
8.927100000000000000e+04
8.928400000000000000e+04
8.929700000000000000e+04
8.931000000000000000e+04
8.932300000000000000e+04
8.933600000000000000e+04
8.934900000000000000e+04
8.936200000000000000e+04
8.937500000000000000e+04
8.938800000000000000e+04
8.940000000000000000e+04
8.941300000000000000e+04
8.942600000000000000e+04
8.943800000000000000e+04
8.945000000000000000e+04
8.946300000000000000e+04
8.947600000000000000e+04
8.948900000000000000e+04
8.950200000000000000e+04
8.951500000000000000e+04
8.952800000000000000e+04
8.954100000000000000e+04
8.955400000000000000e+04
8.956700000000000000e+04
8.958000000000000000e+04
8.959400000000000000e+04
8.960800000000000000e+04
8.962200000000000000e+04
8.963600000000000000e+04
8.965100000000000000e+04
8.966600000000000000e+04
8.968100000000000000e+04
8.969600000000000000e+04
8.971200000000000000e+04
8.972800000000000000e+04
8.974500000000000000e+04
8.976200000000000000e+04
8.978000000000000000e+04
8.979900000000000000e+04
8.981900000000000000e+04
8.983900000000000000e+04
8.986000000000000000e+04
8.988200000000000000e+04
8.990600000000000000e+04
8.993000000000000000e+04
8.995500000000000000e+04
8.998100000000000000e+04
9.000800000000000000e+04
9.003600000000000000e+04
9.006500000000000000e+04
9.009500000000000000e+04
9.012600000000000000e+04
9.015800000000000000e+04
9.019200000000000000e+04
9.022800000000000000e+04
9.026500000000000000e+04
9.030400000000000000e+04
9.034400000000000000e+04
9.038800000000000000e+04
9.043300000000000000e+04
9.048100000000000000e+04
9.053000000000000000e+04
9.058000000000000000e+04
9.063300000000000000e+04
9.068900000000000000e+04
9.074800000000000000e+04
9.080900000000000000e+04
9.087400000000000000e+04
9.094200000000000000e+04
9.101600000000000000e+04
9.109600000000000000e+04
9.118100000000000000e+04
9.127600000000000000e+04
9.137800000000000000e+04
9.149000000000000000e+04
9.159700000000000000e+04
9.169800000000000000e+04
9.179000000000000000e+04
9.187700000000000000e+04
9.195600000000000000e+04
9.203400000000000000e+04
9.210500000000000000e+04
9.217500000000000000e+04
9.223900000000000000e+04
9.230200000000000000e+04
9.236200000000000000e+04
9.241800000000000000e+04
9.247300000000000000e+04
9.252500000000000000e+04
9.257400000000000000e+04
9.262200000000000000e+04
9.266800000000000000e+04
9.271200000000000000e+04
9.275400000000000000e+04
9.279500000000000000e+04
9.283500000000000000e+04
9.287400000000000000e+04
9.291200000000000000e+04
9.294900000000000000e+04
9.298500000000000000e+04
9.302000000000000000e+04
9.305400000000000000e+04
9.308700000000000000e+04
9.311900000000000000e+04
9.315000000000000000e+04
9.318100000000000000e+04
9.321100000000000000e+04
9.324000000000000000e+04
9.326800000000000000e+04
9.329600000000000000e+04
9.332300000000000000e+04
9.335000000000000000e+04
9.337700000000000000e+04
9.340300000000000000e+04
9.342800000000000000e+04
9.345300000000000000e+04
9.347800000000000000e+04
9.350200000000000000e+04
9.352600000000000000e+04
9.355000000000000000e+04
9.357400000000000000e+04
9.359700000000000000e+04
9.362000000000000000e+04
9.364200000000000000e+04
9.366400000000000000e+04
9.368600000000000000e+04
9.370800000000000000e+04
9.373000000000000000e+04
9.375100000000000000e+04
9.377200000000000000e+04
9.379300000000000000e+04
9.381400000000000000e+04
9.383500000000000000e+04
9.385600000000000000e+04
9.387700000000000000e+04
9.389800000000000000e+04
9.391900000000000000e+04
9.394000000000000000e+04
9.396100000000000000e+04
9.398200000000000000e+04
9.400300000000000000e+04
9.402400000000000000e+04
9.404500000000000000e+04
9.406600000000000000e+04
9.408700000000000000e+04
9.410800000000000000e+04
9.412900000000000000e+04
9.415000000000000000e+04
9.417100000000000000e+04
9.419200000000000000e+04
9.421300000000000000e+04
9.423400000000000000e+04
9.425500000000000000e+04
9.427700000000000000e+04
9.429900000000000000e+04
9.432100000000000000e+04
9.434300000000000000e+04
9.436500000000000000e+04
9.438700000000000000e+04
9.441000000000000000e+04
9.443300000000000000e+04
9.445600000000000000e+04
9.447900000000000000e+04
9.450200000000000000e+04
9.452600000000000000e+04
9.455000000000000000e+04
9.457300000000000000e+04
9.459700000000000000e+04
9.462100000000000000e+04
9.464500000000000000e+04
9.466900000000000000e+04
9.469300000000000000e+04
9.471800000000000000e+04
9.474300000000000000e+04
9.476800000000000000e+04
9.479300000000000000e+04
9.481800000000000000e+04
9.484300000000000000e+04
9.486800000000000000e+04
9.489300000000000000e+04
9.491700000000000000e+04
9.494000000000000000e+04
9.496200000000000000e+04
9.498300000000000000e+04
9.500300000000000000e+04
9.502200000000000000e+04
9.504000000000000000e+04
9.505800000000000000e+04
9.507500000000000000e+04
9.509200000000000000e+04
9.510900000000000000e+04
9.512500000000000000e+04
9.514100000000000000e+04
9.515600000000000000e+04
9.517100000000000000e+04
9.518600000000000000e+04
9.520000000000000000e+04
9.521400000000000000e+04
9.522800000000000000e+04
9.524200000000000000e+04
9.525600000000000000e+04
9.526900000000000000e+04
9.528200000000000000e+04
9.529500000000000000e+04
9.530800000000000000e+04
9.532100000000000000e+04
9.533400000000000000e+04
9.534700000000000000e+04
9.536000000000000000e+04
9.537300000000000000e+04
9.538500000000000000e+04
9.539700000000000000e+04
9.540900000000000000e+04
9.542100000000000000e+04
9.543300000000000000e+04
9.544500000000000000e+04
9.545700000000000000e+04
9.546900000000000000e+04
9.548100000000000000e+04
9.549300000000000000e+04
9.550500000000000000e+04
9.551700000000000000e+04
9.552900000000000000e+04
9.554100000000000000e+04
9.555400000000000000e+04
9.556700000000000000e+04
9.558000000000000000e+04
9.559300000000000000e+04
9.560600000000000000e+04
9.561900000000000000e+04
9.563200000000000000e+04
9.564600000000000000e+04
9.566000000000000000e+04
9.567400000000000000e+04
9.568800000000000000e+04
9.570300000000000000e+04
9.571800000000000000e+04
9.573300000000000000e+04
9.574800000000000000e+04
9.576300000000000000e+04
9.577900000000000000e+04
9.579500000000000000e+04
9.581100000000000000e+04
9.582700000000000000e+04
9.584300000000000000e+04
9.586000000000000000e+04
9.587700000000000000e+04
9.589500000000000000e+04
9.591300000000000000e+04
9.593100000000000000e+04
9.595000000000000000e+04
9.596900000000000000e+04
9.598900000000000000e+04
9.601000000000000000e+04
9.603100000000000000e+04
9.605300000000000000e+04
9.607600000000000000e+04
9.610000000000000000e+04
9.612500000000000000e+04
9.615100000000000000e+04
9.617900000000000000e+04
9.620800000000000000e+04
9.623800000000000000e+04
9.627000000000000000e+04
9.630400000000000000e+04
9.634000000000000000e+04
9.637800000000000000e+04
9.641600000000000000e+04
9.645500000000000000e+04
9.649500000000000000e+04
9.653500000000000000e+04
9.657700000000000000e+04
9.661900000000000000e+04
9.666200000000000000e+04
9.670600000000000000e+04
9.674900000000000000e+04
9.679100000000000000e+04
9.683100000000000000e+04
9.687000000000000000e+04
9.690800000000000000e+04
9.694500000000000000e+04
9.698100000000000000e+04
9.701600000000000000e+04
9.705000000000000000e+04
9.708300000000000000e+04
9.711500000000000000e+04
9.714700000000000000e+04
9.717800000000000000e+04
9.720800000000000000e+04
9.723700000000000000e+04
9.726600000000000000e+04
9.729400000000000000e+04
9.732200000000000000e+04
9.735000000000000000e+04
9.737700000000000000e+04
9.740400000000000000e+04
9.743000000000000000e+04
9.745600000000000000e+04
9.748100000000000000e+04
9.750600000000000000e+04
9.753100000000000000e+04
9.755600000000000000e+04
9.758100000000000000e+04
9.760500000000000000e+04
9.762900000000000000e+04
9.765300000000000000e+04
9.767700000000000000e+04
9.770000000000000000e+04
9.772300000000000000e+04
9.774600000000000000e+04
9.776900000000000000e+04
9.779100000000000000e+04
9.781300000000000000e+04
9.783500000000000000e+04
9.785600000000000000e+04
9.787700000000000000e+04
9.789800000000000000e+04
9.791800000000000000e+04
9.793800000000000000e+04
9.795800000000000000e+04
9.797800000000000000e+04
9.799800000000000000e+04
9.801700000000000000e+04
9.803600000000000000e+04
9.805500000000000000e+04
9.807400000000000000e+04
9.809300000000000000e+04
9.811200000000000000e+04
9.813000000000000000e+04
9.814800000000000000e+04
9.816600000000000000e+04
9.818400000000000000e+04
9.820200000000000000e+04
9.822000000000000000e+04
9.823800000000000000e+04
9.825600000000000000e+04
9.827400000000000000e+04
9.829200000000000000e+04
9.831000000000000000e+04
9.832800000000000000e+04
9.834500000000000000e+04
9.836200000000000000e+04
9.837900000000000000e+04
9.839600000000000000e+04
9.841300000000000000e+04
9.843000000000000000e+04
9.844700000000000000e+04
9.846400000000000000e+04
9.848100000000000000e+04
9.849900000000000000e+04
9.851700000000000000e+04
9.853500000000000000e+04
9.855300000000000000e+04
9.857100000000000000e+04
9.858900000000000000e+04
9.860700000000000000e+04
9.862500000000000000e+04
9.864400000000000000e+04
9.866300000000000000e+04
9.868200000000000000e+04
9.870200000000000000e+04
9.872200000000000000e+04
9.874200000000000000e+04
9.876200000000000000e+04
9.878100000000000000e+04
9.880000000000000000e+04
9.881900000000000000e+04
9.883800000000000000e+04
9.885700000000000000e+04
9.887600000000000000e+04
9.889500000000000000e+04
9.891400000000000000e+04
9.893300000000000000e+04
9.895200000000000000e+04
9.897100000000000000e+04
9.899000000000000000e+04
9.901000000000000000e+04
9.903000000000000000e+04
9.905000000000000000e+04
9.907000000000000000e+04
9.909000000000000000e+04
9.911000000000000000e+04
9.913000000000000000e+04
9.915000000000000000e+04
9.917000000000000000e+04
9.919000000000000000e+04
9.921000000000000000e+04
9.923000000000000000e+04
9.925000000000000000e+04
9.927000000000000000e+04
9.929000000000000000e+04
9.931000000000000000e+04
9.933000000000000000e+04
9.935000000000000000e+04
9.937000000000000000e+04
9.939000000000000000e+04
9.941000000000000000e+04
9.943000000000000000e+04
9.945000000000000000e+04
9.947000000000000000e+04
9.949000000000000000e+04
9.951000000000000000e+04
9.952900000000000000e+04
9.954800000000000000e+04
9.956700000000000000e+04
9.958600000000000000e+04
9.960500000000000000e+04
9.962400000000000000e+04
9.964300000000000000e+04
9.966200000000000000e+04
9.968100000000000000e+04
9.970100000000000000e+04
9.972000000000000000e+04
9.973900000000000000e+04
9.975800000000000000e+04
9.977700000000000000e+04
9.979600000000000000e+04
9.981500000000000000e+04
9.983400000000000000e+04
9.985300000000000000e+04
9.987200000000000000e+04
9.989200000000000000e+04
9.991200000000000000e+04
9.993200000000000000e+04
9.995200000000000000e+04
9.997200000000000000e+04
9.999200000000000000e+04
