9.000000000000000000e+00
1.700000000000000000e+01
2.500000000000000000e+01
3.300000000000000000e+01
4.100000000000000000e+01
5.000000000000000000e+01
5.900000000000000000e+01
6.800000000000000000e+01
7.700000000000000000e+01
8.600000000000000000e+01
9.500000000000000000e+01
1.040000000000000000e+02
1.130000000000000000e+02
1.220000000000000000e+02
1.310000000000000000e+02
1.400000000000000000e+02
1.490000000000000000e+02
1.580000000000000000e+02
1.670000000000000000e+02
1.760000000000000000e+02
1.850000000000000000e+02
1.940000000000000000e+02
2.030000000000000000e+02
2.120000000000000000e+02
2.210000000000000000e+02
2.300000000000000000e+02
2.390000000000000000e+02
2.480000000000000000e+02
2.570000000000000000e+02
2.660000000000000000e+02
2.750000000000000000e+02
2.840000000000000000e+02
2.930000000000000000e+02
3.020000000000000000e+02
3.110000000000000000e+02
3.200000000000000000e+02
3.290000000000000000e+02
3.390000000000000000e+02
3.490000000000000000e+02
3.590000000000000000e+02
3.690000000000000000e+02
3.790000000000000000e+02
3.890000000000000000e+02
3.990000000000000000e+02
4.090000000000000000e+02
4.190000000000000000e+02
4.290000000000000000e+02
4.390000000000000000e+02
4.490000000000000000e+02
4.590000000000000000e+02
4.690000000000000000e+02
4.790000000000000000e+02
4.890000000000000000e+02
4.990000000000000000e+02
5.090000000000000000e+02
5.190000000000000000e+02
5.290000000000000000e+02
5.390000000000000000e+02
5.490000000000000000e+02
5.590000000000000000e+02
5.690000000000000000e+02
5.800000000000000000e+02
5.910000000000000000e+02
6.020000000000000000e+02
6.130000000000000000e+02
6.240000000000000000e+02
6.350000000000000000e+02
6.460000000000000000e+02
6.570000000000000000e+02
6.680000000000000000e+02
6.790000000000000000e+02
6.900000000000000000e+02
7.010000000000000000e+02
7.120000000000000000e+02
7.230000000000000000e+02
7.340000000000000000e+02
7.450000000000000000e+02
7.560000000000000000e+02
7.670000000000000000e+02
7.780000000000000000e+02
7.890000000000000000e+02
8.010000000000000000e+02
8.130000000000000000e+02
8.250000000000000000e+02
8.370000000000000000e+02
8.490000000000000000e+02
8.610000000000000000e+02
8.730000000000000000e+02
8.850000000000000000e+02
8.970000000000000000e+02
9.090000000000000000e+02
9.210000000000000000e+02
9.330000000000000000e+02
9.450000000000000000e+02
9.570000000000000000e+02
9.690000000000000000e+02
9.810000000000000000e+02
9.930000000000000000e+02
1.005000000000000000e+03
1.017000000000000000e+03
1.030000000000000000e+03
1.043000000000000000e+03
1.056000000000000000e+03
1.069000000000000000e+03
1.082000000000000000e+03
1.095000000000000000e+03
1.108000000000000000e+03
1.121000000000000000e+03
1.134000000000000000e+03
1.147000000000000000e+03
1.160000000000000000e+03
1.173000000000000000e+03
1.186000000000000000e+03
1.199000000000000000e+03
1.212000000000000000e+03
1.226000000000000000e+03
1.240000000000000000e+03
1.254000000000000000e+03
1.268000000000000000e+03
1.282000000000000000e+03
1.296000000000000000e+03
1.310000000000000000e+03
1.324000000000000000e+03
1.338000000000000000e+03
1.352000000000000000e+03
1.366000000000000000e+03
1.380000000000000000e+03
1.394000000000000000e+03
1.408000000000000000e+03
1.422000000000000000e+03
1.436000000000000000e+03
1.451000000000000000e+03
1.466000000000000000e+03
1.481000000000000000e+03
1.496000000000000000e+03
1.511000000000000000e+03
1.526000000000000000e+03
1.541000000000000000e+03
1.557000000000000000e+03
1.573000000000000000e+03
1.589000000000000000e+03
1.605000000000000000e+03
1.621000000000000000e+03
1.637000000000000000e+03
1.653000000000000000e+03
1.669000000000000000e+03
1.686000000000000000e+03
1.703000000000000000e+03
1.720000000000000000e+03
1.737000000000000000e+03
1.755000000000000000e+03
1.772000000000000000e+03
1.789000000000000000e+03
1.807000000000000000e+03
1.825000000000000000e+03
1.843000000000000000e+03
1.861000000000000000e+03
1.879000000000000000e+03
1.897000000000000000e+03
1.915000000000000000e+03
1.933000000000000000e+03
1.951000000000000000e+03
1.969000000000000000e+03
1.987000000000000000e+03
2.006000000000000000e+03
2.024000000000000000e+03
2.043000000000000000e+03
2.062000000000000000e+03
2.081000000000000000e+03
2.100000000000000000e+03
2.120000000000000000e+03
2.139000000000000000e+03
2.158000000000000000e+03
2.177000000000000000e+03
2.196000000000000000e+03
2.215000000000000000e+03
2.235000000000000000e+03
2.255000000000000000e+03
2.275000000000000000e+03
2.295000000000000000e+03
2.316000000000000000e+03
2.337000000000000000e+03
2.358000000000000000e+03
2.379000000000000000e+03
2.400000000000000000e+03
2.422000000000000000e+03
2.444000000000000000e+03
2.466000000000000000e+03
2.488000000000000000e+03
2.510000000000000000e+03
2.532000000000000000e+03
2.555000000000000000e+03
2.578000000000000000e+03
2.603000000000000000e+03
2.627000000000000000e+03
2.651000000000000000e+03
2.675000000000000000e+03
2.699000000000000000e+03
2.724000000000000000e+03
2.749000000000000000e+03
2.774000000000000000e+03
2.799000000000000000e+03
2.824000000000000000e+03
2.849000000000000000e+03
2.874000000000000000e+03
2.898000000000000000e+03
2.923000000000000000e+03
2.947000000000000000e+03
2.971000000000000000e+03
2.994000000000000000e+03
3.017000000000000000e+03
3.040000000000000000e+03
3.063000000000000000e+03
3.086000000000000000e+03
3.108000000000000000e+03
3.130000000000000000e+03
3.152000000000000000e+03
3.174000000000000000e+03
3.195000000000000000e+03
3.216000000000000000e+03
3.237000000000000000e+03
3.258000000000000000e+03
3.278000000000000000e+03
3.299000000000000000e+03
3.319000000000000000e+03
3.339000000000000000e+03
3.359000000000000000e+03
3.379000000000000000e+03
3.399000000000000000e+03
3.419000000000000000e+03
3.439000000000000000e+03
3.459000000000000000e+03
3.479000000000000000e+03
3.500000000000000000e+03
3.521000000000000000e+03
3.542000000000000000e+03
3.563000000000000000e+03
3.585000000000000000e+03
3.607000000000000000e+03
3.630000000000000000e+03
3.653000000000000000e+03
3.677000000000000000e+03
3.702000000000000000e+03
3.728000000000000000e+03
3.755000000000000000e+03
3.783000000000000000e+03
3.813000000000000000e+03
3.844000000000000000e+03
3.875000000000000000e+03
3.906000000000000000e+03
3.937000000000000000e+03
3.968000000000000000e+03
3.999000000000000000e+03
4.030000000000000000e+03
4.062000000000000000e+03
4.094000000000000000e+03
4.126000000000000000e+03
4.158000000000000000e+03
4.190000000000000000e+03
4.222000000000000000e+03
4.255000000000000000e+03
4.288000000000000000e+03
4.321000000000000000e+03
4.354000000000000000e+03
4.387000000000000000e+03
4.421000000000000000e+03
4.455000000000000000e+03
4.489000000000000000e+03
4.523000000000000000e+03
4.558000000000000000e+03
4.593000000000000000e+03
4.629000000000000000e+03
4.665000000000000000e+03
4.701000000000000000e+03
4.737000000000000000e+03
4.774000000000000000e+03
4.811000000000000000e+03
4.849000000000000000e+03
4.887000000000000000e+03
4.926000000000000000e+03
4.963000000000000000e+03
4.999000000000000000e+03
5.034000000000000000e+03
5.068000000000000000e+03
5.101000000000000000e+03
5.134000000000000000e+03
5.167000000000000000e+03
5.200000000000000000e+03
5.232000000000000000e+03
5.265000000000000000e+03
5.298000000000000000e+03
5.331000000000000000e+03
5.364000000000000000e+03
5.396000000000000000e+03
5.427000000000000000e+03
5.458000000000000000e+03
5.487000000000000000e+03
5.516000000000000000e+03
5.544000000000000000e+03
5.570000000000000000e+03
5.596000000000000000e+03
5.621000000000000000e+03
5.646000000000000000e+03
5.670000000000000000e+03
5.694000000000000000e+03
5.718000000000000000e+03
5.741000000000000000e+03
5.763000000000000000e+03
5.785000000000000000e+03
5.807000000000000000e+03
5.829000000000000000e+03
5.850000000000000000e+03
5.871000000000000000e+03
5.892000000000000000e+03
5.913000000000000000e+03
5.934000000000000000e+03
5.955000000000000000e+03
5.976000000000000000e+03
5.997000000000000000e+03
6.018000000000000000e+03
6.039000000000000000e+03
6.060000000000000000e+03
6.081000000000000000e+03
6.101000000000000000e+03
6.122000000000000000e+03
6.143000000000000000e+03
6.164000000000000000e+03
6.185000000000000000e+03
6.206000000000000000e+03
6.227000000000000000e+03
6.248000000000000000e+03
6.270000000000000000e+03
6.292000000000000000e+03
6.314000000000000000e+03
6.336000000000000000e+03
6.358000000000000000e+03
6.381000000000000000e+03
6.405000000000000000e+03
6.429000000000000000e+03
6.453000000000000000e+03
6.477000000000000000e+03
6.502000000000000000e+03
6.527000000000000000e+03
6.552000000000000000e+03
6.577000000000000000e+03
6.601000000000000000e+03
6.624000000000000000e+03
6.646000000000000000e+03
6.668000000000000000e+03
6.689000000000000000e+03
6.710000000000000000e+03
6.731000000000000000e+03
6.751000000000000000e+03
6.771000000000000000e+03
6.791000000000000000e+03
6.811000000000000000e+03
6.830000000000000000e+03
6.849000000000000000e+03
6.868000000000000000e+03
6.886000000000000000e+03
6.904000000000000000e+03
6.922000000000000000e+03
6.940000000000000000e+03
6.958000000000000000e+03
6.976000000000000000e+03
6.993000000000000000e+03
7.011000000000000000e+03
7.028000000000000000e+03
7.045000000000000000e+03
7.062000000000000000e+03
7.079000000000000000e+03
7.096000000000000000e+03
7.113000000000000000e+03
7.130000000000000000e+03
7.147000000000000000e+03
7.164000000000000000e+03
7.181000000000000000e+03
7.198000000000000000e+03
7.215000000000000000e+03
7.232000000000000000e+03
7.249000000000000000e+03
7.266000000000000000e+03
7.283000000000000000e+03
7.300000000000000000e+03
7.317000000000000000e+03
7.334000000000000000e+03
7.351000000000000000e+03
7.368000000000000000e+03
7.385000000000000000e+03
7.402000000000000000e+03
7.419000000000000000e+03
7.437000000000000000e+03
7.455000000000000000e+03
7.473000000000000000e+03
7.491000000000000000e+03
7.509000000000000000e+03
7.527000000000000000e+03
7.545000000000000000e+03
7.564000000000000000e+03
7.583000000000000000e+03
7.602000000000000000e+03
7.622000000000000000e+03
7.642000000000000000e+03
7.662000000000000000e+03
7.683000000000000000e+03
7.704000000000000000e+03
7.726000000000000000e+03
7.749000000000000000e+03
7.772000000000000000e+03
7.795000000000000000e+03
7.817000000000000000e+03
7.839000000000000000e+03
7.861000000000000000e+03
7.883000000000000000e+03
7.905000000000000000e+03
7.927000000000000000e+03
7.949000000000000000e+03
7.971000000000000000e+03
7.993000000000000000e+03
8.015000000000000000e+03
8.037000000000000000e+03
8.059000000000000000e+03
8.081000000000000000e+03
8.103000000000000000e+03
8.125000000000000000e+03
8.146000000000000000e+03
8.167000000000000000e+03
8.189000000000000000e+03
8.210000000000000000e+03
8.231000000000000000e+03
8.252000000000000000e+03
8.273000000000000000e+03
8.294000000000000000e+03
8.315000000000000000e+03
8.336000000000000000e+03
8.357000000000000000e+03
8.378000000000000000e+03
8.398000000000000000e+03
8.418000000000000000e+03
8.438000000000000000e+03
8.458000000000000000e+03
8.478000000000000000e+03
8.498000000000000000e+03
8.517000000000000000e+03
8.536000000000000000e+03
8.555000000000000000e+03
8.574000000000000000e+03
8.593000000000000000e+03
8.611000000000000000e+03
8.629000000000000000e+03
8.647000000000000000e+03
8.665000000000000000e+03
8.683000000000000000e+03
8.701000000000000000e+03
8.718000000000000000e+03
8.735000000000000000e+03
8.752000000000000000e+03
8.769000000000000000e+03
8.786000000000000000e+03
8.803000000000000000e+03
8.820000000000000000e+03
8.837000000000000000e+03
8.854000000000000000e+03
8.871000000000000000e+03
8.888000000000000000e+03
8.905000000000000000e+03
8.922000000000000000e+03
8.938000000000000000e+03
8.954000000000000000e+03
8.970000000000000000e+03
8.986000000000000000e+03
9.001000000000000000e+03
9.016000000000000000e+03
9.031000000000000000e+03
9.046000000000000000e+03
9.061000000000000000e+03
9.075000000000000000e+03
9.089000000000000000e+03
9.103000000000000000e+03
9.117000000000000000e+03
9.131000000000000000e+03
9.145000000000000000e+03
9.159000000000000000e+03
9.173000000000000000e+03
9.187000000000000000e+03
9.200000000000000000e+03
9.213000000000000000e+03
9.226000000000000000e+03
9.239000000000000000e+03
9.252000000000000000e+03
9.265000000000000000e+03
9.278000000000000000e+03
9.291000000000000000e+03
9.304000000000000000e+03
9.317000000000000000e+03
9.330000000000000000e+03
9.343000000000000000e+03
9.356000000000000000e+03
9.369000000000000000e+03
9.382000000000000000e+03
9.395000000000000000e+03
9.408000000000000000e+03
9.421000000000000000e+03
9.434000000000000000e+03
9.447000000000000000e+03
9.459000000000000000e+03
9.471000000000000000e+03
9.483000000000000000e+03
9.495000000000000000e+03
9.507000000000000000e+03
9.519000000000000000e+03
9.531000000000000000e+03
9.543000000000000000e+03
9.555000000000000000e+03
9.567000000000000000e+03
9.579000000000000000e+03
9.591000000000000000e+03
9.604000000000000000e+03
9.617000000000000000e+03
9.630000000000000000e+03
9.643000000000000000e+03
9.656000000000000000e+03
9.669000000000000000e+03
9.682000000000000000e+03
9.695000000000000000e+03
9.708000000000000000e+03
9.721000000000000000e+03
9.734000000000000000e+03
9.748000000000000000e+03
9.762000000000000000e+03
9.776000000000000000e+03
9.790000000000000000e+03
9.804000000000000000e+03
9.818000000000000000e+03
9.833000000000000000e+03
9.848000000000000000e+03
9.863000000000000000e+03
9.878000000000000000e+03
9.894000000000000000e+03
9.910000000000000000e+03
9.926000000000000000e+03
9.942000000000000000e+03
9.959000000000000000e+03
9.976000000000000000e+03
9.993000000000000000e+03
1.001100000000000000e+04
1.002900000000000000e+04
1.004700000000000000e+04
1.006500000000000000e+04
1.008400000000000000e+04
1.010300000000000000e+04
1.012200000000000000e+04
1.014200000000000000e+04
1.016200000000000000e+04
1.018200000000000000e+04
1.020200000000000000e+04
1.022200000000000000e+04
1.024200000000000000e+04
1.026300000000000000e+04
1.028400000000000000e+04
1.030500000000000000e+04
1.032700000000000000e+04
1.034900000000000000e+04
1.037100000000000000e+04
1.039300000000000000e+04
1.041600000000000000e+04
1.043900000000000000e+04
1.046100000000000000e+04
1.048300000000000000e+04
1.050400000000000000e+04
1.052400000000000000e+04
1.054400000000000000e+04
1.056400000000000000e+04
1.058400000000000000e+04
1.060300000000000000e+04
1.062200000000000000e+04
1.064100000000000000e+04
1.066000000000000000e+04
1.067900000000000000e+04
1.069800000000000000e+04
1.071700000000000000e+04
1.073600000000000000e+04
1.075500000000000000e+04
1.077400000000000000e+04
1.079300000000000000e+04
1.081200000000000000e+04
1.083200000000000000e+04
1.085200000000000000e+04
1.087200000000000000e+04
1.089200000000000000e+04
1.091300000000000000e+04
1.093400000000000000e+04
1.095500000000000000e+04
1.097600000000000000e+04
1.099800000000000000e+04
1.102000000000000000e+04
1.104200000000000000e+04
1.106600000000000000e+04
1.109000000000000000e+04
1.111500000000000000e+04
1.114100000000000000e+04
1.116800000000000000e+04
1.119500000000000000e+04
1.122300000000000000e+04
1.125300000000000000e+04
1.128400000000000000e+04
1.131500000000000000e+04
1.134800000000000000e+04
1.138200000000000000e+04
1.141600000000000000e+04
1.145300000000000000e+04
1.148900000000000000e+04
1.152500000000000000e+04
1.156100000000000000e+04
1.159700000000000000e+04
1.163400000000000000e+04
1.167100000000000000e+04
1.170600000000000000e+04
1.174200000000000000e+04
1.177600000000000000e+04
1.181000000000000000e+04
1.184200000000000000e+04
1.187200000000000000e+04
1.190100000000000000e+04
1.192900000000000000e+04
1.195700000000000000e+04
1.198400000000000000e+04
1.201100000000000000e+04
1.203700000000000000e+04
1.206200000000000000e+04
1.208600000000000000e+04
1.211000000000000000e+04
1.213300000000000000e+04
1.215600000000000000e+04
1.217900000000000000e+04
1.220200000000000000e+04
1.222500000000000000e+04
1.224800000000000000e+04
1.227000000000000000e+04
1.229200000000000000e+04
1.231400000000000000e+04
1.233600000000000000e+04
1.235800000000000000e+04
1.238100000000000000e+04
1.240400000000000000e+04
1.242800000000000000e+04
1.245200000000000000e+04
1.247700000000000000e+04
1.250200000000000000e+04
1.252700000000000000e+04
1.255200000000000000e+04
1.257800000000000000e+04
1.260400000000000000e+04
1.263100000000000000e+04
1.265800000000000000e+04
1.268500000000000000e+04
1.271200000000000000e+04
1.273900000000000000e+04
1.276600000000000000e+04
1.279300000000000000e+04
1.282000000000000000e+04
1.284700000000000000e+04
1.287400000000000000e+04
1.290000000000000000e+04
1.292500000000000000e+04
1.294900000000000000e+04
1.297300000000000000e+04
1.299600000000000000e+04
1.301900000000000000e+04
1.304100000000000000e+04
1.306300000000000000e+04
1.308400000000000000e+04
1.310500000000000000e+04
1.312500000000000000e+04
1.314500000000000000e+04
1.316500000000000000e+04
1.318500000000000000e+04
1.320400000000000000e+04
1.322300000000000000e+04
1.324200000000000000e+04
1.326100000000000000e+04
1.328000000000000000e+04
1.329900000000000000e+04
1.331800000000000000e+04
1.333700000000000000e+04
1.335600000000000000e+04
1.337500000000000000e+04
1.339300000000000000e+04
1.341200000000000000e+04
1.343100000000000000e+04
1.344900000000000000e+04
1.346800000000000000e+04
1.348700000000000000e+04
1.350600000000000000e+04
1.352500000000000000e+04
1.354400000000000000e+04
1.356300000000000000e+04
1.358200000000000000e+04
1.360100000000000000e+04
1.362000000000000000e+04
1.364000000000000000e+04
1.366000000000000000e+04
1.368000000000000000e+04
1.370000000000000000e+04
1.372100000000000000e+04
1.374200000000000000e+04
1.376300000000000000e+04
1.378500000000000000e+04
1.380700000000000000e+04
1.382900000000000000e+04
1.385200000000000000e+04
1.387600000000000000e+04
1.390000000000000000e+04
1.392500000000000000e+04
1.395100000000000000e+04
1.397600000000000000e+04
1.400100000000000000e+04
1.402600000000000000e+04
1.405100000000000000e+04
1.407500000000000000e+04
1.409900000000000000e+04
1.412300000000000000e+04
1.414700000000000000e+04
1.417100000000000000e+04
1.419500000000000000e+04
1.421900000000000000e+04
1.424300000000000000e+04
1.426700000000000000e+04
1.429100000000000000e+04
1.431600000000000000e+04
1.434100000000000000e+04
1.436600000000000000e+04
1.439100000000000000e+04
1.441600000000000000e+04
1.444100000000000000e+04
1.446700000000000000e+04
1.449300000000000000e+04
1.452000000000000000e+04
1.454800000000000000e+04
1.457600000000000000e+04
1.460500000000000000e+04
1.463500000000000000e+04
1.466500000000000000e+04
1.469400000000000000e+04
1.472300000000000000e+04
1.475100000000000000e+04
1.477800000000000000e+04
1.480400000000000000e+04
1.483000000000000000e+04
1.485500000000000000e+04
1.488000000000000000e+04
1.490400000000000000e+04
1.492700000000000000e+04
1.495000000000000000e+04
1.497200000000000000e+04
1.499400000000000000e+04
1.501500000000000000e+04
1.503600000000000000e+04
1.505700000000000000e+04
1.507700000000000000e+04
1.509700000000000000e+04
1.511600000000000000e+04
1.513500000000000000e+04
1.515400000000000000e+04
1.517300000000000000e+04
1.519200000000000000e+04
1.521000000000000000e+04
1.522800000000000000e+04
1.524600000000000000e+04
1.526400000000000000e+04
1.528200000000000000e+04
1.530000000000000000e+04
1.531800000000000000e+04
1.533500000000000000e+04
1.535200000000000000e+04
1.536900000000000000e+04
1.538600000000000000e+04
1.540300000000000000e+04
1.542000000000000000e+04
1.543700000000000000e+04
1.545400000000000000e+04
1.547100000000000000e+04
1.548800000000000000e+04
1.550500000000000000e+04
1.552200000000000000e+04
1.553900000000000000e+04
1.555600000000000000e+04
1.557400000000000000e+04
1.559100000000000000e+04
1.560900000000000000e+04
1.562700000000000000e+04
1.564500000000000000e+04
1.566400000000000000e+04
1.568300000000000000e+04
1.570200000000000000e+04
1.572100000000000000e+04
1.574100000000000000e+04
1.576200000000000000e+04
1.578300000000000000e+04
1.580400000000000000e+04
1.582500000000000000e+04
1.584600000000000000e+04
1.586800000000000000e+04
1.589000000000000000e+04
1.591200000000000000e+04
1.593400000000000000e+04
1.595700000000000000e+04
1.598000000000000000e+04
1.600400000000000000e+04
1.602800000000000000e+04
1.605200000000000000e+04
1.607600000000000000e+04
1.610000000000000000e+04
1.612400000000000000e+04
1.614800000000000000e+04
1.617200000000000000e+04
1.619600000000000000e+04
1.621900000000000000e+04
1.624200000000000000e+04
1.626500000000000000e+04
1.628700000000000000e+04
1.630900000000000000e+04
1.633000000000000000e+04
1.635100000000000000e+04
1.637200000000000000e+04
1.639300000000000000e+04
1.641400000000000000e+04
1.643500000000000000e+04
1.645600000000000000e+04
1.647700000000000000e+04
1.649800000000000000e+04
1.651900000000000000e+04
1.654000000000000000e+04
1.656100000000000000e+04
1.658300000000000000e+04
1.660500000000000000e+04
1.662700000000000000e+04
1.664900000000000000e+04
1.667100000000000000e+04
1.669300000000000000e+04
1.671500000000000000e+04
1.673700000000000000e+04
1.675900000000000000e+04
1.678100000000000000e+04
1.680200000000000000e+04
1.682300000000000000e+04
1.684400000000000000e+04
1.686400000000000000e+04
1.688400000000000000e+04
1.690400000000000000e+04
1.692300000000000000e+04
1.694200000000000000e+04
1.696100000000000000e+04
1.698000000000000000e+04
1.699800000000000000e+04
1.701600000000000000e+04
1.703400000000000000e+04
1.705200000000000000e+04
1.707000000000000000e+04
1.708800000000000000e+04
1.710600000000000000e+04
1.712400000000000000e+04
1.714200000000000000e+04
1.716000000000000000e+04
1.717800000000000000e+04
1.719600000000000000e+04
1.721400000000000000e+04
1.723200000000000000e+04
1.725000000000000000e+04
1.726800000000000000e+04
1.728600000000000000e+04
1.730400000000000000e+04
1.732300000000000000e+04
1.734200000000000000e+04
1.736100000000000000e+04
1.738000000000000000e+04
1.740000000000000000e+04
1.742000000000000000e+04
1.744100000000000000e+04
1.746200000000000000e+04
1.748300000000000000e+04
1.750500000000000000e+04
1.752700000000000000e+04
1.755000000000000000e+04
1.757300000000000000e+04
1.759700000000000000e+04
1.762200000000000000e+04
1.764800000000000000e+04
1.767500000000000000e+04
1.770200000000000000e+04
1.773000000000000000e+04
1.775900000000000000e+04
1.778900000000000000e+04
1.782000000000000000e+04
1.785200000000000000e+04
1.788500000000000000e+04
1.791900000000000000e+04
1.795500000000000000e+04
1.799200000000000000e+04
1.802900000000000000e+04
1.806700000000000000e+04
1.810500000000000000e+04
1.814400000000000000e+04
1.818300000000000000e+04
1.822200000000000000e+04
1.826100000000000000e+04
1.830100000000000000e+04
1.834200000000000000e+04
1.838300000000000000e+04
1.842500000000000000e+04
1.846700000000000000e+04
1.851100000000000000e+04
1.855700000000000000e+04
1.860300000000000000e+04
1.865000000000000000e+04
1.869900000000000000e+04
1.874900000000000000e+04
1.879800000000000000e+04
1.884700000000000000e+04
1.889600000000000000e+04
1.894400000000000000e+04
1.898900000000000000e+04
1.903300000000000000e+04
1.907500000000000000e+04
1.911600000000000000e+04
1.915600000000000000e+04
1.919500000000000000e+04
1.923400000000000000e+04
1.927200000000000000e+04
1.930900000000000000e+04
1.934400000000000000e+04
1.937900000000000000e+04
1.941200000000000000e+04
1.944500000000000000e+04
1.947800000000000000e+04
1.951000000000000000e+04
1.954100000000000000e+04
1.957300000000000000e+04
1.960400000000000000e+04
1.963500000000000000e+04
1.966600000000000000e+04
1.969700000000000000e+04
1.972800000000000000e+04
1.975900000000000000e+04
1.979000000000000000e+04
1.982200000000000000e+04
1.985400000000000000e+04
1.988500000000000000e+04
1.991600000000000000e+04
1.994800000000000000e+04
1.997900000000000000e+04
2.001100000000000000e+04
2.004300000000000000e+04
2.007600000000000000e+04
2.010900000000000000e+04
2.014100000000000000e+04
2.017300000000000000e+04
2.020500000000000000e+04
2.023700000000000000e+04
2.026900000000000000e+04
2.030000000000000000e+04
2.033100000000000000e+04
2.036200000000000000e+04
2.039400000000000000e+04
2.042500000000000000e+04
2.045700000000000000e+04
2.048900000000000000e+04
2.052100000000000000e+04
2.055300000000000000e+04
2.058500000000000000e+04
2.061800000000000000e+04
2.065100000000000000e+04
2.068400000000000000e+04
2.071800000000000000e+04
2.075200000000000000e+04
2.078600000000000000e+04
2.082100000000000000e+04
2.085600000000000000e+04
2.089100000000000000e+04
2.092600000000000000e+04
2.096200000000000000e+04
2.099700000000000000e+04
2.103200000000000000e+04
2.106700000000000000e+04
2.110100000000000000e+04
2.113500000000000000e+04
2.116900000000000000e+04
2.120300000000000000e+04
2.123700000000000000e+04
2.127100000000000000e+04
2.130400000000000000e+04
2.133700000000000000e+04
2.137000000000000000e+04
2.140300000000000000e+04
2.143700000000000000e+04
2.147000000000000000e+04
2.150400000000000000e+04
2.153800000000000000e+04
2.157300000000000000e+04
2.160700000000000000e+04
2.164100000000000000e+04
2.167300000000000000e+04
2.170500000000000000e+04
2.173600000000000000e+04
2.176700000000000000e+04
2.179600000000000000e+04
2.182500000000000000e+04
2.185400000000000000e+04
2.188200000000000000e+04
2.191000000000000000e+04
2.193800000000000000e+04
2.196600000000000000e+04
2.199400000000000000e+04
2.202200000000000000e+04
2.204900000000000000e+04
2.207600000000000000e+04
2.210300000000000000e+04
2.213000000000000000e+04
2.215700000000000000e+04
2.218300000000000000e+04
2.220900000000000000e+04
2.223500000000000000e+04
2.226100000000000000e+04
2.228700000000000000e+04
2.231300000000000000e+04
2.233800000000000000e+04
2.236300000000000000e+04
2.238800000000000000e+04
2.241300000000000000e+04
2.243800000000000000e+04
2.246200000000000000e+04
2.248600000000000000e+04
2.251000000000000000e+04
2.253400000000000000e+04
2.255800000000000000e+04
2.258100000000000000e+04
2.260400000000000000e+04
2.262700000000000000e+04
2.265000000000000000e+04
2.267300000000000000e+04
2.269500000000000000e+04
2.271700000000000000e+04
2.273900000000000000e+04
2.276000000000000000e+04
2.278100000000000000e+04
2.280200000000000000e+04
2.282200000000000000e+04
2.284200000000000000e+04
2.286200000000000000e+04
2.288100000000000000e+04
2.290000000000000000e+04
2.291900000000000000e+04
2.293800000000000000e+04
2.295700000000000000e+04
2.297500000000000000e+04
2.299300000000000000e+04
2.301100000000000000e+04
2.302900000000000000e+04
2.304700000000000000e+04
2.306500000000000000e+04
2.308300000000000000e+04
2.310100000000000000e+04
2.311900000000000000e+04
2.313700000000000000e+04
2.315500000000000000e+04
2.317300000000000000e+04
2.319100000000000000e+04
2.320900000000000000e+04
2.322700000000000000e+04
2.324500000000000000e+04
2.326300000000000000e+04
2.328100000000000000e+04
2.329900000000000000e+04
2.331800000000000000e+04
2.333700000000000000e+04
2.335600000000000000e+04
2.337500000000000000e+04
2.339400000000000000e+04
2.341400000000000000e+04
2.343400000000000000e+04
2.345300000000000000e+04
2.347200000000000000e+04
2.349100000000000000e+04
2.351000000000000000e+04
2.352800000000000000e+04
2.354600000000000000e+04
2.356400000000000000e+04
2.358200000000000000e+04
2.359900000000000000e+04
2.361600000000000000e+04
2.363300000000000000e+04
2.365000000000000000e+04
2.366700000000000000e+04
2.368400000000000000e+04
2.370100000000000000e+04
2.371800000000000000e+04
2.373500000000000000e+04
2.375200000000000000e+04
2.376900000000000000e+04
2.378600000000000000e+04
2.380300000000000000e+04
2.382000000000000000e+04
2.383700000000000000e+04
2.385400000000000000e+04
2.387000000000000000e+04
2.388600000000000000e+04
2.390300000000000000e+04
2.392000000000000000e+04
2.393700000000000000e+04
2.395400000000000000e+04
2.397100000000000000e+04
2.398800000000000000e+04
2.400500000000000000e+04
2.402200000000000000e+04
2.403900000000000000e+04
2.405600000000000000e+04
2.407300000000000000e+04
2.409000000000000000e+04
2.410700000000000000e+04
2.412400000000000000e+04
2.414100000000000000e+04
2.415700000000000000e+04
2.417300000000000000e+04
2.418900000000000000e+04
2.420500000000000000e+04
2.422100000000000000e+04
2.423700000000000000e+04
2.425300000000000000e+04
2.426900000000000000e+04
2.428500000000000000e+04
2.430100000000000000e+04
2.431700000000000000e+04
2.433300000000000000e+04
2.434900000000000000e+04
2.436500000000000000e+04
2.438100000000000000e+04
2.439700000000000000e+04
2.441300000000000000e+04
2.442900000000000000e+04
2.444500000000000000e+04
2.446100000000000000e+04
2.447700000000000000e+04
2.449400000000000000e+04
2.451100000000000000e+04
2.452800000000000000e+04
2.454500000000000000e+04
2.456200000000000000e+04
2.457900000000000000e+04
2.459600000000000000e+04
2.461300000000000000e+04
2.463100000000000000e+04
2.464900000000000000e+04
2.466700000000000000e+04
2.468500000000000000e+04
2.470300000000000000e+04
2.472200000000000000e+04
2.474100000000000000e+04
2.476000000000000000e+04
2.478000000000000000e+04
2.480000000000000000e+04
2.482000000000000000e+04
2.484000000000000000e+04
2.486000000000000000e+04
2.488100000000000000e+04
2.490200000000000000e+04
2.492300000000000000e+04
2.494400000000000000e+04
2.496600000000000000e+04
2.498800000000000000e+04
2.501000000000000000e+04
2.503200000000000000e+04
2.505400000000000000e+04
2.507600000000000000e+04
2.509800000000000000e+04
2.512000000000000000e+04
2.514200000000000000e+04
2.516400000000000000e+04
2.518600000000000000e+04
2.520800000000000000e+04
2.523000000000000000e+04
2.525200000000000000e+04
2.527400000000000000e+04
2.529600000000000000e+04
2.531700000000000000e+04
2.533800000000000000e+04
2.535900000000000000e+04
2.538000000000000000e+04
2.540100000000000000e+04
2.542200000000000000e+04
2.544300000000000000e+04
2.546300000000000000e+04
2.548300000000000000e+04
2.550400000000000000e+04
2.552400000000000000e+04
2.554400000000000000e+04
2.556400000000000000e+04
2.558400000000000000e+04
2.560400000000000000e+04
2.562400000000000000e+04
2.564400000000000000e+04
2.566400000000000000e+04
2.568400000000000000e+04
2.570400000000000000e+04
2.572400000000000000e+04
2.574400000000000000e+04
2.576400000000000000e+04
2.578400000000000000e+04
2.580400000000000000e+04
2.582400000000000000e+04
2.584400000000000000e+04
2.586400000000000000e+04
2.588500000000000000e+04
2.590500000000000000e+04
2.592600000000000000e+04
2.594700000000000000e+04
2.596800000000000000e+04
2.598900000000000000e+04
2.601000000000000000e+04
2.603200000000000000e+04
2.605400000000000000e+04
2.607600000000000000e+04
2.609900000000000000e+04
2.612200000000000000e+04
2.614600000000000000e+04
2.617000000000000000e+04
2.619500000000000000e+04
2.622000000000000000e+04
2.624600000000000000e+04
2.627300000000000000e+04
2.630100000000000000e+04
2.632900000000000000e+04
2.635700000000000000e+04
2.638700000000000000e+04
2.641800000000000000e+04
2.644900000000000000e+04
2.648100000000000000e+04
2.651400000000000000e+04
2.654700000000000000e+04
2.658000000000000000e+04
2.661400000000000000e+04
2.664800000000000000e+04
2.668300000000000000e+04
2.671900000000000000e+04
2.675600000000000000e+04
2.679300000000000000e+04
2.683000000000000000e+04
2.686800000000000000e+04
2.690700000000000000e+04
2.694700000000000000e+04
2.698700000000000000e+04
2.702900000000000000e+04
2.707300000000000000e+04
2.711800000000000000e+04
2.716500000000000000e+04
2.721100000000000000e+04
2.725600000000000000e+04
2.729900000000000000e+04
2.734200000000000000e+04
2.738500000000000000e+04
2.742600000000000000e+04
2.746800000000000000e+04
2.751000000000000000e+04
2.755200000000000000e+04
2.759400000000000000e+04
2.763600000000000000e+04
2.767800000000000000e+04
2.772100000000000000e+04
2.776400000000000000e+04
2.780800000000000000e+04
2.785300000000000000e+04
2.789900000000000000e+04
2.794600000000000000e+04
2.799100000000000000e+04
2.803400000000000000e+04
2.807700000000000000e+04
2.811700000000000000e+04
2.815500000000000000e+04
2.819200000000000000e+04
2.822800000000000000e+04
2.826300000000000000e+04
2.829700000000000000e+04
2.833100000000000000e+04
2.836500000000000000e+04
2.839900000000000000e+04
2.843300000000000000e+04
2.846500000000000000e+04
2.849800000000000000e+04
2.853200000000000000e+04
2.856700000000000000e+04
2.860200000000000000e+04
2.863800000000000000e+04
2.867400000000000000e+04
2.871000000000000000e+04
2.874800000000000000e+04
2.878800000000000000e+04
2.883000000000000000e+04
2.887200000000000000e+04
2.891400000000000000e+04
2.895600000000000000e+04
2.899700000000000000e+04
2.903700000000000000e+04
2.907600000000000000e+04
2.911400000000000000e+04
2.915200000000000000e+04
2.918900000000000000e+04
2.922600000000000000e+04
2.926200000000000000e+04
2.929700000000000000e+04
2.933200000000000000e+04
2.936600000000000000e+04
2.940000000000000000e+04
2.943300000000000000e+04
2.946500000000000000e+04
2.949700000000000000e+04
2.952900000000000000e+04
2.956000000000000000e+04
2.959000000000000000e+04
2.962000000000000000e+04
2.964900000000000000e+04
2.967800000000000000e+04
2.970700000000000000e+04
2.973600000000000000e+04
2.976400000000000000e+04
2.979200000000000000e+04
2.982000000000000000e+04
2.984800000000000000e+04
2.987500000000000000e+04
2.990200000000000000e+04
2.992900000000000000e+04
2.995600000000000000e+04
2.998300000000000000e+04
3.001000000000000000e+04
3.003700000000000000e+04
3.006400000000000000e+04
3.009200000000000000e+04
3.012000000000000000e+04
3.014800000000000000e+04
3.017600000000000000e+04
3.020500000000000000e+04
3.023400000000000000e+04
3.026500000000000000e+04
3.029700000000000000e+04
3.032900000000000000e+04
3.036300000000000000e+04
3.039900000000000000e+04
3.043700000000000000e+04
3.047800000000000000e+04
3.051900000000000000e+04
3.055900000000000000e+04
3.059800000000000000e+04
3.063600000000000000e+04
3.067200000000000000e+04
3.070700000000000000e+04
3.074100000000000000e+04
3.077500000000000000e+04
3.080700000000000000e+04
3.083800000000000000e+04
3.086800000000000000e+04
3.089700000000000000e+04
3.092600000000000000e+04
3.095500000000000000e+04
3.098200000000000000e+04
3.100900000000000000e+04
3.103500000000000000e+04
3.106100000000000000e+04
3.108600000000000000e+04
3.111100000000000000e+04
3.113600000000000000e+04
3.116100000000000000e+04
3.118500000000000000e+04
3.120900000000000000e+04
3.123300000000000000e+04
3.125600000000000000e+04
3.127900000000000000e+04
3.130200000000000000e+04
3.132600000000000000e+04
3.135100000000000000e+04
3.137600000000000000e+04
3.140000000000000000e+04
3.142500000000000000e+04
3.145000000000000000e+04
3.147600000000000000e+04
3.150200000000000000e+04
3.152800000000000000e+04
3.155500000000000000e+04
3.158300000000000000e+04
3.161200000000000000e+04
3.164200000000000000e+04
3.167200000000000000e+04
3.170400000000000000e+04
3.173700000000000000e+04
3.177100000000000000e+04
3.180600000000000000e+04
3.184200000000000000e+04
3.188000000000000000e+04
3.192000000000000000e+04
3.196100000000000000e+04
3.200000000000000000e+04
3.203800000000000000e+04
3.207500000000000000e+04
3.211100000000000000e+04
3.214600000000000000e+04
3.218000000000000000e+04
3.221300000000000000e+04
3.224500000000000000e+04
3.227600000000000000e+04
3.230700000000000000e+04
3.233700000000000000e+04
3.236700000000000000e+04
3.239700000000000000e+04
3.242600000000000000e+04
3.245500000000000000e+04
3.248400000000000000e+04
3.251300000000000000e+04
3.254100000000000000e+04
3.256900000000000000e+04
3.259700000000000000e+04
3.262500000000000000e+04
3.265300000000000000e+04
3.268100000000000000e+04
3.271000000000000000e+04
3.273800000000000000e+04
3.276700000000000000e+04
3.279500000000000000e+04
3.282300000000000000e+04
3.285200000000000000e+04
3.288100000000000000e+04
3.291000000000000000e+04
3.293900000000000000e+04
3.296800000000000000e+04
3.299700000000000000e+04
3.302600000000000000e+04
3.305500000000000000e+04
3.308500000000000000e+04
3.311400000000000000e+04
3.314300000000000000e+04
3.317100000000000000e+04
3.319900000000000000e+04
3.322600000000000000e+04
3.325300000000000000e+04
3.328000000000000000e+04
3.330700000000000000e+04
3.333400000000000000e+04
3.336100000000000000e+04
3.338600000000000000e+04
3.341200000000000000e+04
3.343700000000000000e+04
3.346200000000000000e+04
3.348700000000000000e+04
3.351200000000000000e+04
3.353700000000000000e+04
3.356200000000000000e+04
3.358700000000000000e+04
3.361200000000000000e+04
3.363700000000000000e+04
3.366100000000000000e+04
3.368500000000000000e+04
3.370900000000000000e+04
3.373200000000000000e+04
3.375500000000000000e+04
3.377800000000000000e+04
3.380100000000000000e+04
3.382400000000000000e+04
3.384700000000000000e+04
3.387000000000000000e+04
3.389300000000000000e+04
3.391600000000000000e+04
3.393900000000000000e+04
3.396200000000000000e+04
3.398500000000000000e+04
3.400900000000000000e+04
3.403300000000000000e+04
3.405700000000000000e+04
3.408100000000000000e+04
3.410400000000000000e+04
3.412700000000000000e+04
3.414900000000000000e+04
3.417100000000000000e+04
3.419300000000000000e+04
3.421500000000000000e+04
3.423700000000000000e+04
3.425900000000000000e+04
3.428100000000000000e+04
3.430200000000000000e+04
3.432400000000000000e+04
3.434600000000000000e+04
3.436800000000000000e+04
3.439000000000000000e+04
3.441200000000000000e+04
3.443400000000000000e+04
3.445600000000000000e+04
3.447800000000000000e+04
3.450000000000000000e+04
3.452200000000000000e+04
3.454500000000000000e+04
3.456800000000000000e+04
3.459100000000000000e+04
3.461400000000000000e+04
3.463800000000000000e+04
3.466200000000000000e+04
3.468700000000000000e+04
3.471200000000000000e+04
3.473800000000000000e+04
3.476400000000000000e+04
3.479000000000000000e+04
3.481700000000000000e+04
3.484400000000000000e+04
3.487100000000000000e+04
3.489700000000000000e+04
3.492200000000000000e+04
3.494600000000000000e+04
3.496900000000000000e+04
3.499100000000000000e+04
3.501200000000000000e+04
3.503300000000000000e+04
3.505300000000000000e+04
3.507300000000000000e+04
3.509200000000000000e+04
3.511100000000000000e+04
3.512900000000000000e+04
3.514700000000000000e+04
3.516500000000000000e+04
3.518300000000000000e+04
3.520000000000000000e+04
3.521700000000000000e+04
3.523400000000000000e+04
3.525100000000000000e+04
3.526800000000000000e+04
3.528400000000000000e+04
3.530000000000000000e+04
3.531600000000000000e+04
3.533200000000000000e+04
3.534800000000000000e+04
3.536400000000000000e+04
3.538000000000000000e+04
3.539600000000000000e+04
3.541200000000000000e+04
3.542800000000000000e+04
3.544400000000000000e+04
3.546000000000000000e+04
3.547700000000000000e+04
3.549400000000000000e+04
3.551100000000000000e+04
3.552800000000000000e+04
3.554600000000000000e+04
3.556400000000000000e+04
3.558200000000000000e+04
3.560100000000000000e+04
3.562100000000000000e+04
3.564100000000000000e+04
3.566100000000000000e+04
3.568100000000000000e+04
3.570200000000000000e+04
3.572300000000000000e+04
3.574400000000000000e+04
3.576500000000000000e+04
3.578600000000000000e+04
3.580700000000000000e+04
3.582800000000000000e+04
3.584900000000000000e+04
3.587000000000000000e+04
3.589100000000000000e+04
3.591200000000000000e+04
3.593300000000000000e+04
3.595400000000000000e+04
3.597600000000000000e+04
3.599700000000000000e+04
3.601800000000000000e+04
3.603900000000000000e+04
3.606100000000000000e+04
3.608300000000000000e+04
3.610500000000000000e+04
3.612600000000000000e+04
3.614800000000000000e+04
3.617000000000000000e+04
3.619200000000000000e+04
3.621400000000000000e+04
3.623700000000000000e+04
3.626000000000000000e+04
3.628200000000000000e+04
3.630500000000000000e+04
3.632800000000000000e+04
3.635100000000000000e+04
3.637500000000000000e+04
3.639900000000000000e+04
3.642300000000000000e+04
3.644800000000000000e+04
3.647300000000000000e+04
3.649800000000000000e+04
3.652400000000000000e+04
3.655000000000000000e+04
3.657600000000000000e+04
3.660300000000000000e+04
3.662900000000000000e+04
3.665500000000000000e+04
3.668100000000000000e+04
3.670700000000000000e+04
3.673300000000000000e+04
3.675800000000000000e+04
3.678300000000000000e+04
3.680800000000000000e+04
3.683300000000000000e+04
3.685700000000000000e+04
3.688100000000000000e+04
3.690400000000000000e+04
3.692700000000000000e+04
3.694900000000000000e+04
3.697100000000000000e+04
3.699300000000000000e+04
3.701400000000000000e+04
3.703500000000000000e+04
3.705500000000000000e+04
3.707500000000000000e+04
3.709500000000000000e+04
3.711500000000000000e+04
3.713500000000000000e+04
3.715400000000000000e+04
3.717300000000000000e+04
3.719200000000000000e+04
3.721100000000000000e+04
3.723000000000000000e+04
3.724900000000000000e+04
3.726800000000000000e+04
3.728700000000000000e+04
3.730600000000000000e+04
3.732600000000000000e+04
3.734600000000000000e+04
3.736600000000000000e+04
3.738600000000000000e+04
3.740600000000000000e+04
3.742600000000000000e+04
3.744600000000000000e+04
3.746700000000000000e+04
3.748700000000000000e+04
3.750800000000000000e+04
3.752900000000000000e+04
3.755000000000000000e+04
3.757200000000000000e+04
3.759400000000000000e+04
3.761700000000000000e+04
3.764000000000000000e+04
3.766300000000000000e+04
3.768600000000000000e+04
3.771000000000000000e+04
3.773400000000000000e+04
3.775800000000000000e+04
3.778300000000000000e+04
3.780800000000000000e+04
3.783400000000000000e+04
3.786000000000000000e+04
3.788600000000000000e+04
3.791200000000000000e+04
3.793800000000000000e+04
3.796400000000000000e+04
3.799000000000000000e+04
3.801600000000000000e+04
3.804100000000000000e+04
3.806600000000000000e+04
3.809100000000000000e+04
3.811500000000000000e+04
3.813800000000000000e+04
3.816100000000000000e+04
3.818300000000000000e+04
3.820500000000000000e+04
3.822600000000000000e+04
3.824700000000000000e+04
3.826800000000000000e+04
3.828800000000000000e+04
3.830800000000000000e+04
3.832800000000000000e+04
3.834800000000000000e+04
3.836700000000000000e+04
3.838600000000000000e+04
3.840500000000000000e+04
3.842400000000000000e+04
3.844300000000000000e+04
3.846200000000000000e+04
3.848000000000000000e+04
3.849800000000000000e+04
3.851600000000000000e+04
3.853400000000000000e+04
3.855200000000000000e+04
3.857000000000000000e+04
3.858800000000000000e+04
3.860600000000000000e+04
3.862400000000000000e+04
3.864200000000000000e+04
3.866000000000000000e+04
3.867800000000000000e+04
3.869500000000000000e+04
3.871200000000000000e+04
3.872900000000000000e+04
3.874600000000000000e+04
3.876300000000000000e+04
3.878000000000000000e+04
3.879700000000000000e+04
3.881400000000000000e+04
3.883100000000000000e+04
3.884800000000000000e+04
3.886500000000000000e+04
3.888200000000000000e+04
3.889900000000000000e+04
3.891700000000000000e+04
3.893400000000000000e+04
3.895200000000000000e+04
3.897000000000000000e+04
3.898800000000000000e+04
3.900600000000000000e+04
3.902400000000000000e+04
3.904200000000000000e+04
3.906000000000000000e+04
3.907800000000000000e+04
3.909700000000000000e+04
3.911600000000000000e+04
3.913600000000000000e+04
3.915600000000000000e+04
3.917600000000000000e+04
3.919700000000000000e+04
3.921900000000000000e+04
3.924100000000000000e+04
3.926400000000000000e+04
3.928800000000000000e+04
3.931300000000000000e+04
3.933900000000000000e+04
3.936600000000000000e+04
3.939500000000000000e+04
3.942400000000000000e+04
3.945300000000000000e+04
3.948200000000000000e+04
3.951100000000000000e+04
3.954100000000000000e+04
3.957100000000000000e+04
3.960100000000000000e+04
3.963200000000000000e+04
3.966200000000000000e+04
3.969200000000000000e+04
3.972100000000000000e+04
3.975000000000000000e+04
3.977800000000000000e+04
3.980500000000000000e+04
3.983100000000000000e+04
3.985700000000000000e+04
3.988200000000000000e+04
3.990700000000000000e+04
3.993200000000000000e+04
3.995600000000000000e+04
3.997900000000000000e+04
4.000300000000000000e+04
4.002600000000000000e+04
4.004900000000000000e+04
4.007100000000000000e+04
4.009300000000000000e+04
4.011400000000000000e+04
4.013500000000000000e+04
4.015500000000000000e+04
4.017500000000000000e+04
4.019400000000000000e+04
4.021300000000000000e+04
4.023200000000000000e+04
4.025000000000000000e+04
4.026800000000000000e+04
4.028500000000000000e+04
4.030200000000000000e+04
4.031900000000000000e+04
4.033600000000000000e+04
4.035300000000000000e+04
4.036900000000000000e+04
4.038500000000000000e+04
4.040100000000000000e+04
4.041700000000000000e+04
4.043300000000000000e+04
4.044900000000000000e+04
4.046500000000000000e+04
4.048000000000000000e+04
4.049500000000000000e+04
4.051000000000000000e+04
4.052500000000000000e+04
4.054000000000000000e+04
4.055500000000000000e+04
4.057000000000000000e+04
4.058500000000000000e+04
4.060000000000000000e+04
4.061600000000000000e+04
4.063200000000000000e+04
4.064700000000000000e+04
4.066300000000000000e+04
4.067900000000000000e+04
4.069500000000000000e+04
4.071100000000000000e+04
4.072700000000000000e+04
4.074300000000000000e+04
4.075900000000000000e+04
4.077600000000000000e+04
4.079300000000000000e+04
4.081000000000000000e+04
4.082700000000000000e+04
4.084500000000000000e+04
4.086300000000000000e+04
4.088100000000000000e+04
4.090000000000000000e+04
4.091900000000000000e+04
4.093800000000000000e+04
4.095800000000000000e+04
4.097800000000000000e+04
4.099900000000000000e+04
4.102100000000000000e+04
4.104300000000000000e+04
4.106600000000000000e+04
4.108900000000000000e+04
4.111300000000000000e+04
4.113800000000000000e+04
4.116400000000000000e+04
4.119100000000000000e+04
4.121900000000000000e+04
4.124800000000000000e+04
4.127700000000000000e+04
4.130800000000000000e+04
4.134000000000000000e+04
4.137200000000000000e+04
4.140500000000000000e+04
4.143800000000000000e+04
4.147100000000000000e+04
4.150400000000000000e+04
4.153800000000000000e+04
4.157200000000000000e+04
4.160500000000000000e+04
4.163800000000000000e+04
4.166800000000000000e+04
4.169800000000000000e+04
4.172700000000000000e+04
4.175400000000000000e+04
4.178000000000000000e+04
4.180500000000000000e+04
4.182900000000000000e+04
4.185300000000000000e+04
4.187600000000000000e+04
4.189800000000000000e+04
4.192000000000000000e+04
4.194200000000000000e+04
4.196300000000000000e+04
4.198300000000000000e+04
4.200300000000000000e+04
4.202300000000000000e+04
4.204300000000000000e+04
4.206200000000000000e+04
4.208100000000000000e+04
4.210000000000000000e+04
4.211800000000000000e+04
4.213600000000000000e+04
4.215400000000000000e+04
4.217200000000000000e+04
4.219000000000000000e+04
4.220800000000000000e+04
4.222600000000000000e+04
4.224300000000000000e+04
4.226000000000000000e+04
4.227700000000000000e+04
4.229300000000000000e+04
4.230900000000000000e+04
4.232500000000000000e+04
4.234100000000000000e+04
4.235700000000000000e+04
4.237300000000000000e+04
4.238800000000000000e+04
4.240300000000000000e+04
4.241800000000000000e+04
4.243300000000000000e+04
4.244800000000000000e+04
4.246200000000000000e+04
4.247600000000000000e+04
4.249000000000000000e+04
4.250400000000000000e+04
4.251800000000000000e+04
4.253200000000000000e+04
4.254600000000000000e+04
4.256000000000000000e+04
4.257400000000000000e+04
4.258800000000000000e+04
4.260200000000000000e+04
4.261600000000000000e+04
4.263000000000000000e+04
4.264400000000000000e+04
4.265800000000000000e+04
4.267200000000000000e+04
4.268600000000000000e+04
4.270000000000000000e+04
4.271400000000000000e+04
4.272800000000000000e+04
4.274200000000000000e+04
4.275600000000000000e+04
4.277000000000000000e+04
4.278400000000000000e+04
4.279800000000000000e+04
4.281200000000000000e+04
4.282600000000000000e+04
4.284000000000000000e+04
4.285400000000000000e+04
4.286800000000000000e+04
4.288200000000000000e+04
4.289600000000000000e+04
4.291000000000000000e+04
4.292400000000000000e+04
4.293800000000000000e+04
4.295200000000000000e+04
4.296600000000000000e+04
4.298000000000000000e+04
4.299400000000000000e+04
4.300800000000000000e+04
4.302200000000000000e+04
4.303600000000000000e+04
4.305000000000000000e+04
4.306400000000000000e+04
4.307900000000000000e+04
4.309300000000000000e+04
4.310700000000000000e+04
4.312200000000000000e+04
4.313700000000000000e+04
4.315200000000000000e+04
4.316700000000000000e+04
4.318200000000000000e+04
4.319700000000000000e+04
4.321200000000000000e+04
4.322700000000000000e+04
4.324200000000000000e+04
4.325700000000000000e+04
4.327200000000000000e+04
4.328700000000000000e+04
4.330300000000000000e+04
4.331900000000000000e+04
4.333500000000000000e+04
4.335100000000000000e+04
4.336800000000000000e+04
4.338500000000000000e+04
4.340200000000000000e+04
4.342000000000000000e+04
4.343800000000000000e+04
4.345600000000000000e+04
4.347500000000000000e+04
4.349500000000000000e+04
4.351500000000000000e+04
4.353600000000000000e+04
4.355800000000000000e+04
4.358100000000000000e+04
4.360500000000000000e+04
4.362900000000000000e+04
4.365200000000000000e+04
4.367500000000000000e+04
4.369700000000000000e+04
4.371900000000000000e+04
4.374100000000000000e+04
4.376200000000000000e+04
4.378300000000000000e+04
4.380400000000000000e+04
4.382500000000000000e+04
4.384500000000000000e+04
4.386500000000000000e+04
4.388500000000000000e+04
4.390500000000000000e+04
4.392500000000000000e+04
4.394500000000000000e+04
4.396500000000000000e+04
4.398600000000000000e+04
4.400700000000000000e+04
4.402800000000000000e+04
4.404900000000000000e+04
4.407000000000000000e+04
4.409200000000000000e+04
4.411400000000000000e+04
4.413600000000000000e+04
4.415700000000000000e+04
4.417700000000000000e+04
4.419600000000000000e+04
4.421500000000000000e+04
4.423300000000000000e+04
4.425100000000000000e+04
4.426800000000000000e+04
4.428500000000000000e+04
4.430100000000000000e+04
4.431700000000000000e+04
4.433300000000000000e+04
4.434900000000000000e+04
4.436400000000000000e+04
4.437900000000000000e+04
4.439400000000000000e+04
4.440900000000000000e+04
4.442400000000000000e+04
4.443900000000000000e+04
4.445400000000000000e+04
4.446800000000000000e+04
4.448200000000000000e+04
4.449700000000000000e+04
4.451200000000000000e+04
4.452700000000000000e+04
4.454200000000000000e+04
4.455700000000000000e+04
4.457200000000000000e+04
4.458700000000000000e+04
4.460200000000000000e+04
4.461700000000000000e+04
4.463200000000000000e+04
4.464800000000000000e+04
4.466400000000000000e+04
4.468000000000000000e+04
4.469700000000000000e+04
4.471400000000000000e+04
4.473100000000000000e+04
4.474900000000000000e+04
4.476800000000000000e+04
4.478700000000000000e+04
4.480600000000000000e+04
4.482600000000000000e+04
4.484700000000000000e+04
4.486900000000000000e+04
4.489200000000000000e+04
4.491500000000000000e+04
4.494000000000000000e+04
4.496600000000000000e+04
4.499300000000000000e+04
4.502100000000000000e+04
4.505100000000000000e+04
4.508100000000000000e+04
4.511200000000000000e+04
4.514500000000000000e+04
4.517700000000000000e+04
4.521000000000000000e+04
4.524300000000000000e+04
4.527700000000000000e+04
4.531000000000000000e+04
4.534200000000000000e+04
4.537300000000000000e+04
4.540300000000000000e+04
4.543200000000000000e+04
4.546100000000000000e+04
4.549000000000000000e+04
4.551800000000000000e+04
4.554500000000000000e+04
4.557200000000000000e+04
4.559800000000000000e+04
4.562400000000000000e+04
4.564900000000000000e+04
4.567400000000000000e+04
4.569900000000000000e+04
4.572400000000000000e+04
4.574800000000000000e+04
4.577200000000000000e+04
4.579500000000000000e+04
4.581900000000000000e+04
4.584200000000000000e+04
4.586500000000000000e+04
4.588800000000000000e+04
4.591100000000000000e+04
4.593400000000000000e+04
4.595700000000000000e+04
4.598000000000000000e+04
4.600300000000000000e+04
4.602600000000000000e+04
4.604900000000000000e+04
4.607200000000000000e+04
4.609500000000000000e+04
4.611800000000000000e+04
4.614100000000000000e+04
4.616400000000000000e+04
4.618700000000000000e+04
4.621000000000000000e+04
4.623300000000000000e+04
4.625600000000000000e+04
4.627900000000000000e+04
4.630200000000000000e+04
4.632500000000000000e+04
4.634800000000000000e+04
4.637100000000000000e+04
4.639400000000000000e+04
4.641700000000000000e+04
4.644000000000000000e+04
4.646300000000000000e+04
4.648600000000000000e+04
4.650900000000000000e+04
4.653300000000000000e+04
4.655700000000000000e+04
4.658100000000000000e+04
4.660400000000000000e+04
4.662800000000000000e+04
4.665200000000000000e+04
4.667600000000000000e+04
4.670000000000000000e+04
4.672300000000000000e+04
4.674700000000000000e+04
4.677100000000000000e+04
4.679500000000000000e+04
4.681900000000000000e+04
4.684400000000000000e+04
4.686900000000000000e+04
4.689400000000000000e+04
4.691900000000000000e+04
4.694500000000000000e+04
4.697100000000000000e+04
4.699700000000000000e+04
4.702400000000000000e+04
4.705100000000000000e+04
4.707900000000000000e+04
4.710800000000000000e+04
4.713700000000000000e+04
4.716700000000000000e+04
4.719700000000000000e+04
4.722900000000000000e+04
4.726200000000000000e+04
4.729600000000000000e+04
4.733100000000000000e+04
4.736800000000000000e+04
4.740500000000000000e+04
4.744100000000000000e+04
4.747800000000000000e+04
4.751500000000000000e+04
4.755200000000000000e+04
4.758900000000000000e+04
4.762400000000000000e+04
4.765800000000000000e+04
4.769100000000000000e+04
4.772300000000000000e+04
4.775400000000000000e+04
4.778400000000000000e+04
4.781400000000000000e+04
4.784400000000000000e+04
4.787400000000000000e+04
4.790300000000000000e+04
4.793200000000000000e+04
4.796100000000000000e+04
4.799000000000000000e+04
4.801900000000000000e+04
4.804800000000000000e+04
4.807700000000000000e+04
4.810700000000000000e+04
4.813700000000000000e+04
4.816700000000000000e+04
4.819700000000000000e+04
4.822800000000000000e+04
4.825900000000000000e+04
4.829100000000000000e+04
4.832300000000000000e+04
4.835500000000000000e+04
4.838600000000000000e+04
4.841700000000000000e+04
4.844700000000000000e+04
4.847700000000000000e+04
4.850700000000000000e+04
4.853700000000000000e+04
4.856700000000000000e+04
4.859700000000000000e+04
4.862700000000000000e+04
4.865800000000000000e+04
4.868900000000000000e+04
4.872000000000000000e+04
4.875100000000000000e+04
4.878300000000000000e+04
4.881500000000000000e+04
4.884800000000000000e+04
4.888100000000000000e+04
4.891500000000000000e+04
4.895000000000000000e+04
4.898500000000000000e+04
4.902100000000000000e+04
4.905800000000000000e+04
4.909500000000000000e+04
4.913100000000000000e+04
4.916600000000000000e+04
4.920100000000000000e+04
4.923500000000000000e+04
4.926800000000000000e+04
4.930000000000000000e+04
4.933100000000000000e+04
4.936200000000000000e+04
4.939200000000000000e+04
4.942100000000000000e+04
4.945000000000000000e+04
4.947900000000000000e+04
4.950700000000000000e+04
4.953500000000000000e+04
4.956300000000000000e+04
4.959100000000000000e+04
4.962000000000000000e+04
4.964900000000000000e+04
4.967800000000000000e+04
4.970700000000000000e+04
4.973500000000000000e+04
4.976300000000000000e+04
4.979000000000000000e+04
4.981700000000000000e+04
4.984300000000000000e+04
4.986900000000000000e+04
4.989500000000000000e+04
4.992100000000000000e+04
4.994600000000000000e+04
4.997100000000000000e+04
4.999600000000000000e+04
5.002100000000000000e+04
5.004600000000000000e+04
5.007100000000000000e+04
5.009700000000000000e+04
5.012300000000000000e+04
5.014800000000000000e+04
5.017300000000000000e+04
5.019900000000000000e+04
5.022600000000000000e+04
5.025300000000000000e+04
5.028000000000000000e+04
5.030800000000000000e+04
5.033600000000000000e+04
5.036500000000000000e+04
5.039500000000000000e+04
5.042500000000000000e+04
5.045600000000000000e+04
5.048700000000000000e+04
5.052000000000000000e+04
5.055200000000000000e+04
5.058500000000000000e+04
5.061800000000000000e+04
5.065100000000000000e+04
5.068500000000000000e+04
5.071900000000000000e+04
5.075500000000000000e+04
5.079100000000000000e+04
5.082800000000000000e+04
5.086500000000000000e+04
5.090300000000000000e+04
5.094100000000000000e+04
5.098000000000000000e+04
5.101900000000000000e+04
5.105800000000000000e+04
5.109800000000000000e+04
5.114200000000000000e+04
5.118700000000000000e+04
5.123100000000000000e+04
5.127600000000000000e+04
5.132100000000000000e+04
5.136500000000000000e+04
5.141000000000000000e+04
5.145600000000000000e+04
5.150100000000000000e+04
5.154400000000000000e+04
5.158500000000000000e+04
5.162400000000000000e+04
5.166200000000000000e+04
5.169800000000000000e+04
5.173500000000000000e+04
5.177100000000000000e+04
5.180600000000000000e+04
5.184100000000000000e+04
5.187600000000000000e+04
5.190900000000000000e+04
5.194200000000000000e+04
5.197400000000000000e+04
5.200600000000000000e+04
5.203800000000000000e+04
5.206800000000000000e+04
5.209800000000000000e+04
5.212800000000000000e+04
5.215800000000000000e+04
5.218700000000000000e+04
5.221600000000000000e+04
5.224600000000000000e+04
5.227500000000000000e+04
5.230400000000000000e+04
5.233200000000000000e+04
5.235900000000000000e+04
5.238600000000000000e+04
5.241200000000000000e+04
5.243700000000000000e+04
5.246200000000000000e+04
5.248600000000000000e+04
5.251100000000000000e+04
5.253500000000000000e+04
5.255900000000000000e+04
5.258300000000000000e+04
5.260700000000000000e+04
5.263200000000000000e+04
5.265700000000000000e+04
5.268300000000000000e+04
5.270900000000000000e+04
5.273500000000000000e+04
5.276100000000000000e+04
5.278700000000000000e+04
5.281300000000000000e+04
5.283900000000000000e+04
5.286500000000000000e+04
5.289100000000000000e+04
5.291700000000000000e+04
5.294300000000000000e+04
5.296900000000000000e+04
5.299500000000000000e+04
5.302100000000000000e+04
5.304700000000000000e+04
5.307200000000000000e+04
5.309700000000000000e+04
5.312200000000000000e+04
5.314700000000000000e+04
5.317200000000000000e+04
5.319700000000000000e+04
5.322200000000000000e+04
5.324700000000000000e+04
5.327100000000000000e+04
5.329600000000000000e+04
5.332000000000000000e+04
5.334400000000000000e+04
5.336800000000000000e+04
5.339200000000000000e+04
5.341600000000000000e+04
5.344000000000000000e+04
5.346400000000000000e+04
5.348800000000000000e+04
5.351200000000000000e+04
5.353700000000000000e+04
5.356200000000000000e+04
5.358700000000000000e+04
5.361200000000000000e+04
5.363800000000000000e+04
5.366400000000000000e+04
5.368900000000000000e+04
5.371300000000000000e+04
5.373700000000000000e+04
5.376000000000000000e+04
5.378300000000000000e+04
5.380600000000000000e+04
5.382800000000000000e+04
5.385000000000000000e+04
5.387200000000000000e+04
5.389400000000000000e+04
5.391600000000000000e+04
5.393800000000000000e+04
5.396000000000000000e+04
5.398200000000000000e+04
5.400400000000000000e+04
5.402600000000000000e+04
5.404900000000000000e+04
5.407200000000000000e+04
5.409600000000000000e+04
5.412000000000000000e+04
5.414400000000000000e+04
5.416800000000000000e+04
5.419300000000000000e+04
5.421900000000000000e+04
5.424500000000000000e+04
5.427200000000000000e+04
5.430000000000000000e+04
5.432800000000000000e+04
5.435700000000000000e+04
5.438800000000000000e+04
5.442000000000000000e+04
5.445000000000000000e+04
5.448000000000000000e+04
5.451100000000000000e+04
5.454200000000000000e+04
5.457300000000000000e+04
5.460400000000000000e+04
5.463600000000000000e+04
5.466900000000000000e+04
5.470200000000000000e+04
5.473600000000000000e+04
5.477300000000000000e+04
5.480800000000000000e+04
5.484200000000000000e+04
5.487500000000000000e+04
5.490600000000000000e+04
5.493700000000000000e+04
5.496800000000000000e+04
5.499900000000000000e+04
5.503000000000000000e+04
5.506000000000000000e+04
5.508900000000000000e+04
5.511900000000000000e+04
5.514800000000000000e+04
5.517700000000000000e+04
5.520800000000000000e+04
5.523900000000000000e+04
5.527000000000000000e+04
5.530200000000000000e+04
5.533400000000000000e+04
5.536600000000000000e+04
5.540000000000000000e+04
5.543500000000000000e+04
5.547000000000000000e+04
5.550600000000000000e+04
5.554100000000000000e+04
5.557400000000000000e+04
5.560700000000000000e+04
5.563900000000000000e+04
5.567100000000000000e+04
5.570100000000000000e+04
5.573000000000000000e+04
5.575900000000000000e+04
5.578800000000000000e+04
5.581600000000000000e+04
5.584400000000000000e+04
5.587200000000000000e+04
5.589900000000000000e+04
5.592600000000000000e+04
5.595300000000000000e+04
5.598000000000000000e+04
5.600600000000000000e+04
5.603200000000000000e+04
5.605700000000000000e+04
5.608200000000000000e+04
5.610800000000000000e+04
5.613400000000000000e+04
5.616000000000000000e+04
5.618600000000000000e+04
5.621200000000000000e+04
5.623900000000000000e+04
5.626600000000000000e+04
5.629300000000000000e+04
5.632100000000000000e+04
5.634900000000000000e+04
5.637800000000000000e+04
5.640800000000000000e+04
5.643800000000000000e+04
5.646800000000000000e+04
5.649700000000000000e+04
5.652600000000000000e+04
5.655500000000000000e+04
5.658300000000000000e+04
5.661100000000000000e+04
5.663900000000000000e+04
5.666700000000000000e+04
5.669500000000000000e+04
5.672200000000000000e+04
5.674800000000000000e+04
5.677300000000000000e+04
5.679700000000000000e+04
5.682100000000000000e+04
5.684400000000000000e+04
5.686700000000000000e+04
5.688900000000000000e+04
5.691100000000000000e+04
5.693300000000000000e+04
5.695500000000000000e+04
5.697700000000000000e+04
5.699800000000000000e+04
5.701900000000000000e+04
5.704000000000000000e+04
5.706100000000000000e+04
5.708200000000000000e+04
5.710300000000000000e+04
5.712500000000000000e+04
5.714700000000000000e+04
5.716800000000000000e+04
5.719000000000000000e+04
5.721300000000000000e+04
5.723600000000000000e+04
5.725900000000000000e+04
5.728300000000000000e+04
5.730700000000000000e+04
5.733200000000000000e+04
5.735700000000000000e+04
5.738300000000000000e+04
5.741000000000000000e+04
5.743700000000000000e+04
5.746300000000000000e+04
5.748800000000000000e+04
5.751200000000000000e+04
5.753600000000000000e+04
5.755900000000000000e+04
5.758200000000000000e+04
5.760400000000000000e+04
5.762600000000000000e+04
5.764700000000000000e+04
5.766800000000000000e+04
5.768900000000000000e+04
5.770900000000000000e+04
5.772900000000000000e+04
5.774900000000000000e+04
5.776900000000000000e+04
5.778900000000000000e+04
5.780800000000000000e+04
5.782700000000000000e+04
5.784600000000000000e+04
5.786500000000000000e+04
5.788400000000000000e+04
5.790300000000000000e+04
5.792200000000000000e+04
5.794100000000000000e+04
5.796000000000000000e+04
5.797900000000000000e+04
5.799800000000000000e+04
5.801700000000000000e+04
5.803600000000000000e+04
5.805500000000000000e+04
5.807500000000000000e+04
5.809500000000000000e+04
5.811500000000000000e+04
5.813600000000000000e+04
5.815700000000000000e+04
5.817900000000000000e+04
5.820100000000000000e+04
5.822400000000000000e+04
5.824700000000000000e+04
5.827100000000000000e+04
5.829600000000000000e+04
5.832100000000000000e+04
5.834500000000000000e+04
5.836900000000000000e+04
5.839300000000000000e+04
5.841700000000000000e+04
5.844100000000000000e+04
5.846500000000000000e+04
5.848800000000000000e+04
5.851100000000000000e+04
5.853500000000000000e+04
5.855900000000000000e+04
5.858200000000000000e+04
5.860500000000000000e+04
5.862900000000000000e+04
5.865300000000000000e+04
5.867700000000000000e+04
5.870000000000000000e+04
5.872300000000000000e+04
5.874700000000000000e+04
5.877000000000000000e+04
5.879300000000000000e+04
5.881600000000000000e+04
5.883900000000000000e+04
5.886200000000000000e+04
5.888500000000000000e+04
5.890800000000000000e+04
5.893000000000000000e+04
5.895200000000000000e+04
5.897400000000000000e+04
5.899600000000000000e+04
5.901800000000000000e+04
5.904000000000000000e+04
5.906100000000000000e+04
5.908200000000000000e+04
5.910300000000000000e+04
5.912400000000000000e+04
5.914500000000000000e+04
5.916600000000000000e+04
5.918700000000000000e+04
5.920700000000000000e+04
5.922700000000000000e+04
5.924700000000000000e+04
5.926700000000000000e+04
5.928700000000000000e+04
5.930700000000000000e+04
5.932700000000000000e+04
5.934700000000000000e+04
5.936700000000000000e+04
5.938700000000000000e+04
5.940700000000000000e+04
5.942800000000000000e+04
5.944900000000000000e+04
5.947000000000000000e+04
5.949100000000000000e+04
5.951200000000000000e+04
5.953400000000000000e+04
5.955600000000000000e+04
5.957800000000000000e+04
5.960100000000000000e+04
5.962400000000000000e+04
5.964800000000000000e+04
5.967200000000000000e+04
5.969600000000000000e+04
5.972000000000000000e+04
5.974400000000000000e+04
5.976700000000000000e+04
5.979000000000000000e+04
5.981200000000000000e+04
5.983400000000000000e+04
5.985600000000000000e+04
5.987800000000000000e+04
5.990000000000000000e+04
5.992200000000000000e+04
5.994300000000000000e+04
5.996400000000000000e+04
5.998500000000000000e+04
6.000600000000000000e+04
6.002700000000000000e+04
6.004800000000000000e+04
6.006900000000000000e+04
6.009000000000000000e+04
6.011100000000000000e+04
6.013300000000000000e+04
6.015500000000000000e+04
6.017700000000000000e+04
6.019900000000000000e+04
6.022100000000000000e+04
6.024300000000000000e+04
6.026500000000000000e+04
6.028700000000000000e+04
6.031000000000000000e+04
6.033300000000000000e+04
6.035700000000000000e+04
6.038100000000000000e+04
6.040600000000000000e+04
6.043100000000000000e+04
6.045600000000000000e+04
6.048200000000000000e+04
6.050800000000000000e+04
6.053500000000000000e+04
6.056200000000000000e+04
6.058900000000000000e+04
6.061700000000000000e+04
6.064600000000000000e+04
6.067400000000000000e+04
6.070100000000000000e+04
6.072700000000000000e+04
6.075300000000000000e+04
6.077800000000000000e+04
6.080300000000000000e+04
6.082700000000000000e+04
6.085100000000000000e+04
6.087400000000000000e+04
6.089700000000000000e+04
6.091900000000000000e+04
6.094100000000000000e+04
6.096300000000000000e+04
6.098400000000000000e+04
6.100500000000000000e+04
6.102600000000000000e+04
6.104600000000000000e+04
6.106600000000000000e+04
6.108600000000000000e+04
6.110600000000000000e+04
6.112600000000000000e+04
6.114500000000000000e+04
6.116400000000000000e+04
6.118300000000000000e+04
6.120200000000000000e+04
6.122100000000000000e+04
6.124000000000000000e+04
6.125800000000000000e+04
6.127600000000000000e+04
6.129400000000000000e+04
6.131200000000000000e+04
6.133000000000000000e+04
6.134800000000000000e+04
6.136600000000000000e+04
6.138400000000000000e+04
6.140200000000000000e+04
6.142000000000000000e+04
6.143800000000000000e+04
6.145600000000000000e+04
6.147500000000000000e+04
6.149400000000000000e+04
6.151300000000000000e+04
6.153200000000000000e+04
6.155100000000000000e+04
6.157100000000000000e+04
6.159100000000000000e+04
6.161100000000000000e+04
6.163100000000000000e+04
6.165200000000000000e+04
6.167300000000000000e+04
6.169400000000000000e+04
6.171600000000000000e+04
6.173700000000000000e+04
6.175800000000000000e+04
6.178000000000000000e+04
6.180200000000000000e+04
6.182300000000000000e+04
6.184400000000000000e+04
6.186600000000000000e+04
6.188700000000000000e+04
6.190800000000000000e+04
6.192900000000000000e+04
6.194900000000000000e+04
6.196900000000000000e+04
6.198900000000000000e+04
6.200900000000000000e+04
6.202900000000000000e+04
6.204900000000000000e+04
6.206800000000000000e+04
6.208700000000000000e+04
6.210600000000000000e+04
6.212500000000000000e+04
6.214400000000000000e+04
6.216300000000000000e+04
6.218200000000000000e+04
6.220100000000000000e+04
6.222000000000000000e+04
6.223900000000000000e+04
6.225800000000000000e+04
6.227700000000000000e+04
6.229600000000000000e+04
6.231500000000000000e+04
6.233500000000000000e+04
6.235500000000000000e+04
6.237600000000000000e+04
6.239700000000000000e+04
6.241800000000000000e+04
6.244000000000000000e+04
6.246200000000000000e+04
6.248500000000000000e+04
6.250800000000000000e+04
6.253300000000000000e+04
6.255800000000000000e+04
6.258400000000000000e+04
6.261200000000000000e+04
6.263900000000000000e+04
6.266700000000000000e+04
6.269400000000000000e+04
6.272100000000000000e+04
6.274700000000000000e+04
6.277200000000000000e+04
6.279700000000000000e+04
6.282200000000000000e+04
6.284700000000000000e+04
6.287200000000000000e+04
6.289600000000000000e+04
6.292000000000000000e+04
6.294400000000000000e+04
6.296800000000000000e+04
6.299200000000000000e+04
6.301500000000000000e+04
6.303800000000000000e+04
6.306100000000000000e+04
6.308400000000000000e+04
6.310700000000000000e+04
6.313000000000000000e+04
6.315200000000000000e+04
6.317400000000000000e+04
6.319600000000000000e+04
6.321800000000000000e+04
6.324000000000000000e+04
6.326100000000000000e+04
6.328200000000000000e+04
6.330400000000000000e+04
6.332500000000000000e+04
6.334600000000000000e+04
6.336700000000000000e+04
6.338800000000000000e+04
6.340900000000000000e+04
6.343000000000000000e+04
6.345000000000000000e+04
6.347100000000000000e+04
6.349100000000000000e+04
6.351100000000000000e+04
6.353100000000000000e+04
6.355100000000000000e+04
6.357200000000000000e+04
6.359300000000000000e+04
6.361400000000000000e+04
6.363500000000000000e+04
6.365600000000000000e+04
6.367700000000000000e+04
6.369900000000000000e+04
6.372100000000000000e+04
6.374300000000000000e+04
6.376500000000000000e+04
6.378700000000000000e+04
6.380900000000000000e+04
6.383100000000000000e+04
6.385300000000000000e+04
6.387500000000000000e+04
6.389700000000000000e+04
6.391900000000000000e+04
6.394100000000000000e+04
6.396300000000000000e+04
6.398500000000000000e+04
6.400700000000000000e+04
6.402900000000000000e+04
6.405100000000000000e+04
6.407300000000000000e+04
6.409500000000000000e+04
6.411700000000000000e+04
6.413800000000000000e+04
6.416000000000000000e+04
6.418200000000000000e+04
6.420400000000000000e+04
6.422600000000000000e+04
6.424700000000000000e+04
6.426800000000000000e+04
6.428900000000000000e+04
6.431000000000000000e+04
6.433100000000000000e+04
6.435200000000000000e+04
6.437300000000000000e+04
6.439400000000000000e+04
6.441500000000000000e+04
6.443600000000000000e+04
6.445700000000000000e+04
6.447800000000000000e+04
6.449800000000000000e+04
6.451800000000000000e+04
6.453800000000000000e+04
6.455800000000000000e+04
6.457800000000000000e+04
6.459800000000000000e+04
6.461800000000000000e+04
6.463800000000000000e+04
6.465800000000000000e+04
6.467800000000000000e+04
6.469900000000000000e+04
6.472000000000000000e+04
6.474100000000000000e+04
6.476200000000000000e+04
6.478300000000000000e+04
6.480400000000000000e+04
6.482500000000000000e+04
6.484700000000000000e+04
6.486900000000000000e+04
6.489100000000000000e+04
6.491400000000000000e+04
6.493700000000000000e+04
6.496000000000000000e+04
6.498400000000000000e+04
6.500800000000000000e+04
6.503200000000000000e+04
6.505700000000000000e+04
6.508300000000000000e+04
6.511000000000000000e+04
6.513800000000000000e+04
6.516700000000000000e+04
6.519600000000000000e+04
6.522500000000000000e+04
6.525500000000000000e+04
6.528500000000000000e+04
6.531500000000000000e+04
6.534400000000000000e+04
6.537300000000000000e+04
6.540200000000000000e+04
6.543100000000000000e+04
6.546000000000000000e+04
6.548900000000000000e+04
6.551800000000000000e+04
6.554700000000000000e+04
6.557600000000000000e+04
6.560600000000000000e+04
6.563600000000000000e+04
6.566600000000000000e+04
6.569700000000000000e+04
6.572800000000000000e+04
6.575900000000000000e+04
6.579200000000000000e+04
6.582500000000000000e+04
6.585800000000000000e+04
6.589200000000000000e+04
6.592400000000000000e+04
6.595600000000000000e+04
6.598600000000000000e+04
6.601600000000000000e+04
6.604400000000000000e+04
6.607200000000000000e+04
6.609900000000000000e+04
6.612500000000000000e+04
6.615100000000000000e+04
6.617600000000000000e+04
6.620000000000000000e+04
6.622400000000000000e+04
6.624700000000000000e+04
6.627000000000000000e+04
6.629300000000000000e+04
6.631500000000000000e+04
6.633700000000000000e+04
6.635800000000000000e+04
6.637900000000000000e+04
6.640000000000000000e+04
6.642100000000000000e+04
6.644100000000000000e+04
6.646100000000000000e+04
6.648100000000000000e+04
6.650100000000000000e+04
6.652200000000000000e+04
6.654200000000000000e+04
6.656200000000000000e+04
6.658300000000000000e+04
6.660400000000000000e+04
6.662500000000000000e+04
6.664600000000000000e+04
6.666700000000000000e+04
6.668800000000000000e+04
6.671000000000000000e+04
6.673200000000000000e+04
6.675500000000000000e+04
6.677800000000000000e+04
6.680200000000000000e+04
6.682700000000000000e+04
6.685300000000000000e+04
6.687800000000000000e+04
6.690300000000000000e+04
6.692800000000000000e+04
6.695200000000000000e+04
6.697600000000000000e+04
6.700000000000000000e+04
6.702400000000000000e+04
6.704900000000000000e+04
6.707400000000000000e+04
6.709900000000000000e+04
6.712500000000000000e+04
6.715100000000000000e+04
6.717700000000000000e+04
6.720400000000000000e+04
6.723100000000000000e+04
6.725900000000000000e+04
6.728700000000000000e+04
6.731600000000000000e+04
6.734600000000000000e+04
6.737600000000000000e+04
6.740700000000000000e+04
6.743900000000000000e+04
6.747300000000000000e+04
6.750700000000000000e+04
6.754200000000000000e+04
6.757900000000000000e+04
6.761700000000000000e+04
6.765700000000000000e+04
6.769900000000000000e+04
6.774300000000000000e+04
6.778900000000000000e+04
6.783800000000000000e+04
6.788700000000000000e+04
6.793800000000000000e+04
6.798900000000000000e+04
6.804100000000000000e+04
6.809400000000000000e+04
6.814900000000000000e+04
6.820400000000000000e+04
6.825900000000000000e+04
6.831500000000000000e+04
6.837100000000000000e+04
6.842500000000000000e+04
6.847500000000000000e+04
6.852100000000000000e+04
6.856300000000000000e+04
6.860200000000000000e+04
6.863900000000000000e+04
6.867500000000000000e+04
6.870900000000000000e+04
6.874200000000000000e+04
6.877300000000000000e+04
6.880300000000000000e+04
6.883200000000000000e+04
6.886100000000000000e+04
6.888900000000000000e+04
6.891600000000000000e+04
6.894300000000000000e+04
6.896900000000000000e+04
6.899400000000000000e+04
6.901900000000000000e+04
6.904400000000000000e+04
6.906800000000000000e+04
6.909200000000000000e+04
6.911500000000000000e+04
6.913800000000000000e+04
6.916100000000000000e+04
6.918400000000000000e+04
6.920700000000000000e+04
6.923000000000000000e+04
6.925200000000000000e+04
6.927300000000000000e+04
6.929500000000000000e+04
6.931600000000000000e+04
6.933800000000000000e+04
6.935900000000000000e+04
6.938000000000000000e+04
6.940100000000000000e+04
6.942200000000000000e+04
6.944300000000000000e+04
6.946300000000000000e+04
6.948300000000000000e+04
6.950300000000000000e+04
6.952300000000000000e+04
6.954300000000000000e+04
6.956200000000000000e+04
6.958100000000000000e+04
6.960000000000000000e+04
6.961900000000000000e+04
6.963800000000000000e+04
6.965700000000000000e+04
6.967500000000000000e+04
6.969300000000000000e+04
6.971100000000000000e+04
6.972900000000000000e+04
6.974700000000000000e+04
6.976500000000000000e+04
6.978200000000000000e+04
6.979900000000000000e+04
6.981600000000000000e+04
6.983300000000000000e+04
6.985000000000000000e+04
6.986600000000000000e+04
6.988200000000000000e+04
6.989800000000000000e+04
6.991400000000000000e+04
6.993000000000000000e+04
6.994600000000000000e+04
6.996200000000000000e+04
6.997700000000000000e+04
6.999200000000000000e+04
7.000700000000000000e+04
7.002200000000000000e+04
7.003700000000000000e+04
7.005200000000000000e+04
7.006700000000000000e+04
7.008200000000000000e+04
7.009700000000000000e+04
7.011200000000000000e+04
7.012700000000000000e+04
7.014200000000000000e+04
7.015600000000000000e+04
7.017000000000000000e+04
7.018400000000000000e+04
7.019800000000000000e+04
7.021300000000000000e+04
7.022800000000000000e+04
7.024300000000000000e+04
7.025800000000000000e+04
7.027300000000000000e+04
7.028800000000000000e+04
7.030300000000000000e+04
7.031800000000000000e+04
7.033300000000000000e+04
7.034800000000000000e+04
7.036300000000000000e+04
7.037800000000000000e+04
7.039300000000000000e+04
7.040800000000000000e+04
7.042300000000000000e+04
7.043800000000000000e+04
7.045300000000000000e+04
7.046800000000000000e+04
7.048300000000000000e+04
7.049800000000000000e+04
7.051400000000000000e+04
7.053000000000000000e+04
7.054600000000000000e+04
7.056200000000000000e+04
7.057800000000000000e+04
7.059400000000000000e+04
7.061000000000000000e+04
7.062700000000000000e+04
7.064400000000000000e+04
7.066100000000000000e+04
7.067800000000000000e+04
7.069500000000000000e+04
7.071200000000000000e+04
7.072900000000000000e+04
7.074700000000000000e+04
7.076500000000000000e+04
7.078300000000000000e+04
7.080100000000000000e+04
7.081900000000000000e+04
7.083700000000000000e+04
7.085500000000000000e+04
7.087400000000000000e+04
7.089300000000000000e+04
7.091200000000000000e+04
7.093200000000000000e+04
7.095200000000000000e+04
7.097200000000000000e+04
7.099200000000000000e+04
7.101200000000000000e+04
7.103200000000000000e+04
7.105200000000000000e+04
7.107300000000000000e+04
7.109400000000000000e+04
7.111500000000000000e+04
7.113600000000000000e+04
7.115600000000000000e+04
7.117700000000000000e+04
7.119800000000000000e+04
7.121800000000000000e+04
7.123800000000000000e+04
7.125800000000000000e+04
7.127800000000000000e+04
7.129800000000000000e+04
7.131700000000000000e+04
7.133600000000000000e+04
7.135500000000000000e+04
7.137400000000000000e+04
7.139200000000000000e+04
7.141000000000000000e+04
7.142800000000000000e+04
7.144600000000000000e+04
7.146400000000000000e+04
7.148100000000000000e+04
7.149800000000000000e+04
7.151500000000000000e+04
7.153200000000000000e+04
7.154900000000000000e+04
7.156500000000000000e+04
7.158100000000000000e+04
7.159700000000000000e+04
7.161300000000000000e+04
7.162900000000000000e+04
7.164500000000000000e+04
7.166000000000000000e+04
7.167500000000000000e+04
7.169000000000000000e+04
7.170500000000000000e+04
7.172000000000000000e+04
7.173500000000000000e+04
7.175000000000000000e+04
7.176500000000000000e+04
7.178000000000000000e+04
7.179500000000000000e+04
7.180900000000000000e+04
7.182300000000000000e+04
7.183700000000000000e+04
7.185100000000000000e+04
7.186500000000000000e+04
7.187900000000000000e+04
7.189300000000000000e+04
7.190700000000000000e+04
7.192100000000000000e+04
7.193500000000000000e+04
7.194900000000000000e+04
7.196300000000000000e+04
7.197700000000000000e+04
7.199100000000000000e+04
7.200500000000000000e+04
7.201900000000000000e+04
7.203300000000000000e+04
7.204700000000000000e+04
7.206100000000000000e+04
7.207500000000000000e+04
7.208900000000000000e+04
7.210300000000000000e+04
7.211700000000000000e+04
7.213100000000000000e+04
7.214500000000000000e+04
7.215900000000000000e+04
7.217300000000000000e+04
7.218700000000000000e+04
7.220100000000000000e+04
7.221500000000000000e+04
7.222900000000000000e+04
7.224300000000000000e+04
7.225700000000000000e+04
7.227100000000000000e+04
7.228500000000000000e+04
7.229900000000000000e+04
7.231300000000000000e+04
7.232700000000000000e+04
7.234100000000000000e+04
7.235500000000000000e+04
7.236900000000000000e+04
7.238300000000000000e+04
7.239700000000000000e+04
7.241100000000000000e+04
7.242500000000000000e+04
7.243900000000000000e+04
7.245300000000000000e+04
7.246700000000000000e+04
7.248100000000000000e+04
7.249500000000000000e+04
7.250900000000000000e+04
7.252300000000000000e+04
7.253700000000000000e+04
7.255100000000000000e+04
7.256500000000000000e+04
7.257900000000000000e+04
7.259300000000000000e+04
7.260700000000000000e+04
7.262100000000000000e+04
7.263500000000000000e+04
7.264900000000000000e+04
7.266300000000000000e+04
7.267700000000000000e+04
7.269100000000000000e+04
7.270500000000000000e+04
7.271900000000000000e+04
7.273300000000000000e+04
7.274700000000000000e+04
7.276100000000000000e+04
7.277500000000000000e+04
7.278800000000000000e+04
7.280100000000000000e+04
7.281400000000000000e+04
7.282700000000000000e+04
7.284000000000000000e+04
7.285300000000000000e+04
7.286600000000000000e+04
7.287900000000000000e+04
7.289200000000000000e+04
7.290500000000000000e+04
7.291800000000000000e+04
7.293100000000000000e+04
7.294400000000000000e+04
7.295700000000000000e+04
7.297000000000000000e+04
7.298300000000000000e+04
7.299600000000000000e+04
7.300900000000000000e+04
7.302200000000000000e+04
7.303500000000000000e+04
7.304800000000000000e+04
7.306100000000000000e+04
7.307400000000000000e+04
7.308700000000000000e+04
7.310000000000000000e+04
7.311300000000000000e+04
7.312600000000000000e+04
7.313900000000000000e+04
7.315200000000000000e+04
7.316400000000000000e+04
7.317600000000000000e+04
7.318900000000000000e+04
7.320200000000000000e+04
7.321500000000000000e+04
7.322800000000000000e+04
7.324100000000000000e+04
7.325400000000000000e+04
7.326700000000000000e+04
7.328000000000000000e+04
7.329300000000000000e+04
7.330600000000000000e+04
7.331900000000000000e+04
7.333200000000000000e+04
7.334600000000000000e+04
7.336000000000000000e+04
7.337400000000000000e+04
7.338800000000000000e+04
7.340200000000000000e+04
7.341600000000000000e+04
7.343000000000000000e+04
7.344500000000000000e+04
7.346000000000000000e+04
7.347500000000000000e+04
7.349000000000000000e+04
7.350500000000000000e+04
7.352000000000000000e+04
7.353500000000000000e+04
7.355000000000000000e+04
7.356600000000000000e+04
7.358100000000000000e+04
7.359600000000000000e+04
7.361100000000000000e+04
7.362600000000000000e+04
7.364100000000000000e+04
7.365600000000000000e+04
7.367100000000000000e+04
7.368600000000000000e+04
7.370100000000000000e+04
7.371600000000000000e+04
7.373100000000000000e+04
7.374600000000000000e+04
7.376100000000000000e+04
7.377500000000000000e+04
7.378900000000000000e+04
7.380300000000000000e+04
7.381700000000000000e+04
7.383100000000000000e+04
7.384500000000000000e+04
7.385900000000000000e+04
7.387200000000000000e+04
7.388500000000000000e+04
7.389800000000000000e+04
7.391100000000000000e+04
7.392400000000000000e+04
7.393700000000000000e+04
7.395000000000000000e+04
7.396300000000000000e+04
7.397600000000000000e+04
7.398900000000000000e+04
7.400200000000000000e+04
7.401500000000000000e+04
7.402800000000000000e+04
7.404100000000000000e+04
7.405400000000000000e+04
7.406700000000000000e+04
7.408000000000000000e+04
7.409300000000000000e+04
7.410600000000000000e+04
7.411900000000000000e+04
7.413200000000000000e+04
7.414600000000000000e+04
7.416000000000000000e+04
7.417400000000000000e+04
7.418800000000000000e+04
7.420200000000000000e+04
7.421600000000000000e+04
7.423000000000000000e+04
7.424400000000000000e+04
7.425900000000000000e+04
7.427400000000000000e+04
7.428900000000000000e+04
7.430400000000000000e+04
7.431900000000000000e+04
7.433400000000000000e+04
7.435000000000000000e+04
7.436600000000000000e+04
7.438200000000000000e+04
7.439800000000000000e+04
7.441400000000000000e+04
7.443000000000000000e+04
7.444600000000000000e+04
7.446200000000000000e+04
7.447800000000000000e+04
7.449400000000000000e+04
7.451000000000000000e+04
7.452600000000000000e+04
7.454200000000000000e+04
7.455800000000000000e+04
7.457400000000000000e+04
7.459000000000000000e+04
7.460600000000000000e+04
7.462100000000000000e+04
7.463600000000000000e+04
7.465100000000000000e+04
7.466600000000000000e+04
7.468100000000000000e+04
7.469600000000000000e+04
7.471100000000000000e+04
7.472600000000000000e+04
7.474100000000000000e+04
7.475600000000000000e+04
7.477100000000000000e+04
7.478600000000000000e+04
7.480100000000000000e+04
7.481600000000000000e+04
7.483100000000000000e+04
7.484600000000000000e+04
7.486100000000000000e+04
7.487600000000000000e+04
7.489100000000000000e+04
7.490600000000000000e+04
7.492100000000000000e+04
7.493600000000000000e+04
7.495100000000000000e+04
7.496600000000000000e+04
7.498100000000000000e+04
7.499600000000000000e+04
7.501100000000000000e+04
7.502600000000000000e+04
7.504100000000000000e+04
7.505600000000000000e+04
7.507100000000000000e+04
7.508600000000000000e+04
7.510100000000000000e+04
7.511600000000000000e+04
7.513100000000000000e+04
7.514600000000000000e+04
7.516100000000000000e+04
7.517600000000000000e+04
7.519100000000000000e+04
7.520700000000000000e+04
7.522300000000000000e+04
7.523900000000000000e+04
7.525500000000000000e+04
7.527100000000000000e+04
7.528700000000000000e+04
7.530300000000000000e+04
7.531900000000000000e+04
7.533500000000000000e+04
7.535100000000000000e+04
7.536700000000000000e+04
7.538300000000000000e+04
7.540000000000000000e+04
7.541700000000000000e+04
7.543400000000000000e+04
7.545000000000000000e+04
7.546600000000000000e+04
7.548200000000000000e+04
7.549800000000000000e+04
7.551500000000000000e+04
7.553200000000000000e+04
7.554800000000000000e+04
7.556400000000000000e+04
7.558000000000000000e+04
7.559600000000000000e+04
7.561300000000000000e+04
7.563000000000000000e+04
7.564700000000000000e+04
7.566400000000000000e+04
7.568100000000000000e+04
7.569800000000000000e+04
7.571400000000000000e+04
7.573000000000000000e+04
7.574600000000000000e+04
7.576200000000000000e+04
7.577800000000000000e+04
7.579400000000000000e+04
7.581000000000000000e+04
7.582600000000000000e+04
7.584300000000000000e+04
7.585900000000000000e+04
7.587500000000000000e+04
7.589100000000000000e+04
7.590800000000000000e+04
7.592500000000000000e+04
7.594100000000000000e+04
7.595700000000000000e+04
7.597400000000000000e+04
7.599100000000000000e+04
7.600800000000000000e+04
7.602500000000000000e+04
7.604200000000000000e+04
7.605900000000000000e+04
7.607600000000000000e+04
7.609300000000000000e+04
7.611000000000000000e+04
7.612700000000000000e+04
7.614400000000000000e+04
7.616100000000000000e+04
7.617800000000000000e+04
7.619500000000000000e+04
7.621200000000000000e+04
7.622900000000000000e+04
7.624700000000000000e+04
7.626500000000000000e+04
7.628300000000000000e+04
7.630100000000000000e+04
7.631800000000000000e+04
7.633600000000000000e+04
7.635400000000000000e+04
7.637100000000000000e+04
7.638800000000000000e+04
7.640600000000000000e+04
7.642400000000000000e+04
7.644200000000000000e+04
7.646000000000000000e+04
7.647800000000000000e+04
7.649600000000000000e+04
7.651400000000000000e+04
7.653200000000000000e+04
7.655000000000000000e+04
7.656800000000000000e+04
7.658600000000000000e+04
7.660400000000000000e+04
7.662200000000000000e+04
7.664000000000000000e+04
7.665800000000000000e+04
7.667600000000000000e+04
7.669400000000000000e+04
7.671200000000000000e+04
7.673000000000000000e+04
7.674800000000000000e+04
7.676600000000000000e+04
7.678400000000000000e+04
7.680200000000000000e+04
7.682000000000000000e+04
7.683800000000000000e+04
7.685600000000000000e+04
7.687400000000000000e+04
7.689100000000000000e+04
7.690800000000000000e+04
7.692500000000000000e+04
7.694200000000000000e+04
7.695900000000000000e+04
7.697600000000000000e+04
7.699300000000000000e+04
7.701100000000000000e+04
7.702900000000000000e+04
7.704700000000000000e+04
7.706500000000000000e+04
7.708300000000000000e+04
7.710100000000000000e+04
7.711900000000000000e+04
7.713700000000000000e+04
7.715500000000000000e+04
7.717300000000000000e+04
7.719100000000000000e+04
7.721000000000000000e+04
7.722900000000000000e+04
7.724800000000000000e+04
7.726700000000000000e+04
7.728600000000000000e+04
7.730500000000000000e+04
7.732400000000000000e+04
7.734300000000000000e+04
7.736200000000000000e+04
7.738100000000000000e+04
7.740000000000000000e+04
7.741900000000000000e+04
7.743800000000000000e+04
7.745700000000000000e+04
7.747600000000000000e+04
7.749500000000000000e+04
7.751400000000000000e+04
7.753300000000000000e+04
7.755300000000000000e+04
7.757300000000000000e+04
7.759200000000000000e+04
7.761100000000000000e+04
7.763000000000000000e+04
7.764900000000000000e+04
7.766800000000000000e+04
7.768700000000000000e+04
7.770600000000000000e+04
7.772500000000000000e+04
7.774400000000000000e+04
7.776300000000000000e+04
7.778100000000000000e+04
7.779900000000000000e+04
7.781700000000000000e+04
7.783600000000000000e+04
7.785500000000000000e+04
7.787400000000000000e+04
7.789300000000000000e+04
7.791200000000000000e+04
7.793100000000000000e+04
7.795000000000000000e+04
7.796900000000000000e+04
7.798900000000000000e+04
7.800900000000000000e+04
7.802900000000000000e+04
7.804900000000000000e+04
7.806900000000000000e+04
7.809000000000000000e+04
7.811100000000000000e+04
7.813200000000000000e+04
7.815300000000000000e+04
7.817400000000000000e+04
7.819500000000000000e+04
7.821600000000000000e+04
7.823700000000000000e+04
7.825800000000000000e+04
7.827900000000000000e+04
7.830000000000000000e+04
7.832100000000000000e+04
7.834200000000000000e+04
7.836300000000000000e+04
7.838400000000000000e+04
7.840500000000000000e+04
7.842600000000000000e+04
7.844700000000000000e+04
7.846800000000000000e+04
7.848900000000000000e+04
7.851000000000000000e+04
7.853100000000000000e+04
7.855200000000000000e+04
7.857300000000000000e+04
7.859400000000000000e+04
7.861400000000000000e+04
7.863500000000000000e+04
7.865600000000000000e+04
7.867700000000000000e+04
7.869800000000000000e+04
7.871900000000000000e+04
7.874000000000000000e+04
7.876100000000000000e+04
7.878200000000000000e+04
7.880300000000000000e+04
7.882400000000000000e+04
7.884500000000000000e+04
7.886600000000000000e+04
7.888700000000000000e+04
7.890900000000000000e+04
7.893100000000000000e+04
7.895300000000000000e+04
7.897500000000000000e+04
7.899700000000000000e+04
7.901900000000000000e+04
7.904100000000000000e+04
7.906300000000000000e+04
7.908500000000000000e+04
7.910700000000000000e+04
7.913000000000000000e+04
7.915300000000000000e+04
7.917600000000000000e+04
7.919800000000000000e+04
7.922000000000000000e+04
7.924200000000000000e+04
7.926400000000000000e+04
7.928700000000000000e+04
7.931000000000000000e+04
7.933300000000000000e+04
7.935500000000000000e+04
7.937700000000000000e+04
7.939900000000000000e+04
7.942100000000000000e+04
7.944300000000000000e+04
7.946600000000000000e+04
7.948900000000000000e+04
7.951200000000000000e+04
7.953500000000000000e+04
7.955800000000000000e+04
7.958100000000000000e+04
7.960400000000000000e+04
7.962700000000000000e+04
7.965000000000000000e+04
7.967300000000000000e+04
7.969600000000000000e+04
7.971900000000000000e+04
7.974200000000000000e+04
7.976500000000000000e+04
7.978800000000000000e+04
7.981200000000000000e+04
7.983500000000000000e+04
7.985800000000000000e+04
7.988100000000000000e+04
7.990500000000000000e+04
7.992900000000000000e+04
7.995300000000000000e+04
7.997700000000000000e+04
8.000100000000000000e+04
8.002400000000000000e+04
8.004700000000000000e+04
8.007100000000000000e+04
8.009500000000000000e+04
8.011900000000000000e+04
8.014300000000000000e+04
8.016700000000000000e+04
8.019100000000000000e+04
8.021500000000000000e+04
8.023900000000000000e+04
8.026400000000000000e+04
8.028800000000000000e+04
8.031200000000000000e+04
8.033600000000000000e+04
8.036000000000000000e+04
8.038500000000000000e+04
8.040900000000000000e+04
8.043400000000000000e+04
8.045900000000000000e+04
8.048400000000000000e+04
8.050900000000000000e+04
8.053400000000000000e+04
8.055900000000000000e+04
8.058400000000000000e+04
8.061000000000000000e+04
8.063600000000000000e+04
8.066200000000000000e+04
8.068800000000000000e+04
8.071400000000000000e+04
8.074100000000000000e+04
8.076800000000000000e+04
8.079500000000000000e+04
8.082100000000000000e+04
8.084800000000000000e+04
8.087500000000000000e+04
8.090200000000000000e+04
8.092900000000000000e+04
8.095600000000000000e+04
8.098300000000000000e+04
8.101000000000000000e+04
8.103700000000000000e+04
8.106400000000000000e+04
8.109100000000000000e+04
8.111900000000000000e+04
8.114600000000000000e+04
8.117300000000000000e+04
8.120000000000000000e+04
8.122700000000000000e+04
8.125400000000000000e+04
8.128200000000000000e+04
8.131000000000000000e+04
8.133800000000000000e+04
8.136600000000000000e+04
8.139400000000000000e+04
8.142200000000000000e+04
8.145000000000000000e+04
8.147800000000000000e+04
8.150600000000000000e+04
8.153400000000000000e+04
8.156200000000000000e+04
8.159000000000000000e+04
8.161900000000000000e+04
8.164800000000000000e+04
8.167600000000000000e+04
8.170400000000000000e+04
8.173200000000000000e+04
8.176100000000000000e+04
8.179000000000000000e+04
8.182000000000000000e+04
8.185000000000000000e+04
8.188000000000000000e+04
8.191000000000000000e+04
8.193900000000000000e+04
8.196800000000000000e+04
8.199800000000000000e+04
8.202800000000000000e+04
8.205800000000000000e+04
8.208700000000000000e+04
8.211700000000000000e+04
8.214800000000000000e+04
8.217800000000000000e+04
8.220800000000000000e+04
8.223800000000000000e+04
8.226800000000000000e+04
8.229900000000000000e+04
8.233100000000000000e+04
8.236300000000000000e+04
8.239500000000000000e+04
8.242700000000000000e+04
8.245900000000000000e+04
8.249000000000000000e+04
8.252200000000000000e+04
8.255400000000000000e+04
8.258600000000000000e+04
8.261800000000000000e+04
8.265100000000000000e+04
8.268300000000000000e+04
8.271500000000000000e+04
8.274800000000000000e+04
8.278100000000000000e+04
8.281500000000000000e+04
8.284900000000000000e+04
8.288200000000000000e+04
8.291600000000000000e+04
8.295000000000000000e+04
8.298400000000000000e+04
8.302000000000000000e+04
8.305600000000000000e+04
8.309100000000000000e+04
8.312600000000000000e+04
8.316100000000000000e+04
8.319500000000000000e+04
8.323000000000000000e+04
8.326500000000000000e+04
8.330100000000000000e+04
8.333800000000000000e+04
8.337500000000000000e+04
8.341100000000000000e+04
8.344800000000000000e+04
8.348500000000000000e+04
8.352200000000000000e+04
8.356000000000000000e+04
8.359800000000000000e+04
8.363500000000000000e+04
8.367300000000000000e+04
8.371100000000000000e+04
8.374900000000000000e+04
8.378700000000000000e+04
8.382500000000000000e+04
8.386300000000000000e+04
8.390000000000000000e+04
8.393800000000000000e+04
8.397600000000000000e+04
8.401300000000000000e+04
8.405000000000000000e+04
8.408800000000000000e+04
8.412600000000000000e+04
8.416400000000000000e+04
8.420200000000000000e+04
8.424000000000000000e+04
8.427900000000000000e+04
8.431800000000000000e+04
8.435700000000000000e+04
8.439600000000000000e+04
8.443600000000000000e+04
8.447600000000000000e+04
8.451600000000000000e+04
8.455500000000000000e+04
8.459400000000000000e+04
8.463300000000000000e+04
8.467200000000000000e+04
8.471100000000000000e+04
8.475100000000000000e+04
8.479100000000000000e+04
8.483200000000000000e+04
8.487300000000000000e+04
8.491400000000000000e+04
8.495400000000000000e+04
8.499400000000000000e+04
8.503400000000000000e+04
8.507500000000000000e+04
8.511800000000000000e+04
8.516000000000000000e+04
8.520100000000000000e+04
8.524400000000000000e+04
8.528700000000000000e+04
8.532900000000000000e+04
8.537100000000000000e+04
8.541400000000000000e+04
8.545700000000000000e+04
8.549900000000000000e+04
8.554100000000000000e+04
8.558300000000000000e+04
8.562500000000000000e+04
8.566900000000000000e+04
8.571300000000000000e+04
8.575700000000000000e+04
8.580200000000000000e+04
8.584600000000000000e+04
8.589100000000000000e+04
8.593600000000000000e+04
8.598300000000000000e+04
8.602800000000000000e+04
8.607200000000000000e+04
8.611700000000000000e+04
8.616400000000000000e+04
8.620900000000000000e+04
8.625400000000000000e+04
8.629800000000000000e+04
8.634400000000000000e+04
8.639100000000000000e+04
8.643900000000000000e+04
8.648600000000000000e+04
8.653300000000000000e+04
8.658000000000000000e+04
8.662600000000000000e+04
8.667300000000000000e+04
8.672000000000000000e+04
8.676800000000000000e+04
8.681800000000000000e+04
8.686800000000000000e+04
8.691700000000000000e+04
8.696600000000000000e+04
8.701400000000000000e+04
8.706400000000000000e+04
8.711500000000000000e+04
8.716600000000000000e+04
8.721700000000000000e+04
8.726800000000000000e+04
8.731900000000000000e+04
8.737000000000000000e+04
8.742200000000000000e+04
8.747800000000000000e+04
8.753500000000000000e+04
8.759400000000000000e+04
8.765500000000000000e+04
8.771400000000000000e+04
8.777400000000000000e+04
8.783400000000000000e+04
8.789600000000000000e+04
8.795800000000000000e+04
8.802000000000000000e+04
8.808100000000000000e+04
8.814400000000000000e+04
8.820500000000000000e+04
8.827100000000000000e+04
8.833700000000000000e+04
8.840100000000000000e+04
8.846600000000000000e+04
8.853000000000000000e+04
8.859500000000000000e+04
8.865800000000000000e+04
8.872200000000000000e+04
8.878500000000000000e+04
8.884900000000000000e+04
8.891300000000000000e+04
8.897600000000000000e+04
8.903800000000000000e+04
8.910300000000000000e+04
8.916700000000000000e+04
8.923200000000000000e+04
8.929500000000000000e+04
8.936000000000000000e+04
8.942800000000000000e+04
8.949500000000000000e+04
8.955700000000000000e+04
8.961800000000000000e+04
8.968100000000000000e+04
8.974400000000000000e+04
8.980800000000000000e+04
8.987700000000000000e+04
8.994600000000000000e+04
9.001600000000000000e+04
9.008900000000000000e+04
9.016100000000000000e+04
9.023300000000000000e+04
9.030400000000000000e+04
9.037800000000000000e+04
9.045200000000000000e+04
9.053100000000000000e+04
9.060700000000000000e+04
9.068200000000000000e+04
9.075800000000000000e+04
9.083600000000000000e+04
9.091800000000000000e+04
9.099700000000000000e+04
9.108000000000000000e+04
9.116400000000000000e+04
9.124200000000000000e+04
9.132000000000000000e+04
9.139600000000000000e+04
9.147300000000000000e+04
9.154900000000000000e+04
9.161800000000000000e+04
9.168900000000000000e+04
9.176200000000000000e+04
9.183900000000000000e+04
9.191400000000000000e+04
9.198600000000000000e+04
9.206000000000000000e+04
9.213900000000000000e+04
9.221900000000000000e+04
9.229800000000000000e+04
9.237800000000000000e+04
9.245400000000000000e+04
9.253200000000000000e+04
9.261200000000000000e+04
9.269000000000000000e+04
9.277600000000000000e+04
9.286000000000000000e+04
9.294200000000000000e+04
9.301700000000000000e+04
9.309000000000000000e+04
9.316000000000000000e+04
9.323000000000000000e+04
9.330300000000000000e+04
9.337700000000000000e+04
9.345800000000000000e+04
9.354300000000000000e+04
9.363400000000000000e+04
9.372000000000000000e+04
9.379900000000000000e+04
9.387600000000000000e+04
9.395300000000000000e+04
9.403300000000000000e+04
9.411500000000000000e+04
9.420100000000000000e+04
9.429800000000000000e+04
9.439500000000000000e+04
9.449800000000000000e+04
9.460300000000000000e+04
9.471100000000000000e+04
9.482600000000000000e+04
9.494400000000000000e+04
9.506700000000000000e+04
9.518600000000000000e+04
9.530100000000000000e+04
9.539400000000000000e+04
9.548300000000000000e+04
9.557000000000000000e+04
9.566000000000000000e+04
9.575300000000000000e+04
9.585100000000000000e+04
9.595800000000000000e+04
9.607800000000000000e+04
9.618600000000000000e+04
9.628600000000000000e+04
9.638200000000000000e+04
9.648500000000000000e+04
9.657700000000000000e+04
9.667600000000000000e+04
9.677900000000000000e+04
9.688400000000000000e+04
9.699700000000000000e+04
9.710800000000000000e+04
9.722000000000000000e+04
9.732700000000000000e+04
9.743800000000000000e+04
9.754800000000000000e+04
9.765200000000000000e+04
9.775400000000000000e+04
9.784500000000000000e+04
9.793100000000000000e+04
9.801100000000000000e+04
9.808800000000000000e+04
9.816700000000000000e+04
9.824600000000000000e+04
9.833000000000000000e+04
9.841500000000000000e+04
9.849900000000000000e+04
9.857800000000000000e+04
9.865500000000000000e+04
9.872900000000000000e+04
9.880500000000000000e+04
9.887700000000000000e+04
9.895000000000000000e+04
9.902500000000000000e+04
9.910000000000000000e+04
9.917800000000000000e+04
9.925900000000000000e+04
9.933900000000000000e+04
9.941700000000000000e+04
9.949500000000000000e+04
9.957600000000000000e+04
9.965900000000000000e+04
9.974500000000000000e+04
9.982800000000000000e+04
9.990800000000000000e+04
9.998600000000000000e+04
