1.100000000000000000e+01
2.100000000000000000e+01
3.100000000000000000e+01
4.200000000000000000e+01
5.300000000000000000e+01
6.400000000000000000e+01
7.500000000000000000e+01
8.700000000000000000e+01
9.900000000000000000e+01
1.110000000000000000e+02
1.240000000000000000e+02
1.370000000000000000e+02
1.500000000000000000e+02
1.640000000000000000e+02
1.780000000000000000e+02
1.930000000000000000e+02
2.080000000000000000e+02
2.240000000000000000e+02
2.410000000000000000e+02
2.580000000000000000e+02
2.760000000000000000e+02
2.950000000000000000e+02
3.150000000000000000e+02
3.360000000000000000e+02
3.580000000000000000e+02
3.820000000000000000e+02
4.070000000000000000e+02
4.340000000000000000e+02
4.630000000000000000e+02
4.930000000000000000e+02
5.240000000000000000e+02
5.570000000000000000e+02
5.920000000000000000e+02
6.290000000000000000e+02
6.690000000000000000e+02
7.120000000000000000e+02
7.570000000000000000e+02
8.050000000000000000e+02
8.550000000000000000e+02
9.090000000000000000e+02
9.650000000000000000e+02
1.022000000000000000e+03
1.080000000000000000e+03
1.134000000000000000e+03
1.186000000000000000e+03
1.237000000000000000e+03
1.285000000000000000e+03
1.332000000000000000e+03
1.377000000000000000e+03
1.422000000000000000e+03
1.465000000000000000e+03
1.507000000000000000e+03
1.549000000000000000e+03
1.590000000000000000e+03
1.630000000000000000e+03
1.669000000000000000e+03
1.707000000000000000e+03
1.744000000000000000e+03
1.780000000000000000e+03
1.816000000000000000e+03
1.851000000000000000e+03
1.885000000000000000e+03
1.919000000000000000e+03
1.952000000000000000e+03
1.984000000000000000e+03
2.016000000000000000e+03
2.047000000000000000e+03
2.077000000000000000e+03
2.107000000000000000e+03
2.136000000000000000e+03
2.164000000000000000e+03
2.192000000000000000e+03
2.220000000000000000e+03
2.247000000000000000e+03
2.274000000000000000e+03
2.300000000000000000e+03
2.326000000000000000e+03
2.351000000000000000e+03
2.376000000000000000e+03
2.401000000000000000e+03
2.425000000000000000e+03
2.449000000000000000e+03
2.473000000000000000e+03
2.497000000000000000e+03
2.520000000000000000e+03
2.543000000000000000e+03
2.566000000000000000e+03
2.588000000000000000e+03
2.610000000000000000e+03
2.632000000000000000e+03
2.654000000000000000e+03
2.675000000000000000e+03
2.696000000000000000e+03
2.717000000000000000e+03
2.738000000000000000e+03
2.759000000000000000e+03
2.780000000000000000e+03
2.800000000000000000e+03
2.820000000000000000e+03
2.840000000000000000e+03
2.860000000000000000e+03
2.880000000000000000e+03
2.900000000000000000e+03
2.920000000000000000e+03
2.939000000000000000e+03
2.958000000000000000e+03
2.977000000000000000e+03
2.996000000000000000e+03
3.015000000000000000e+03
3.034000000000000000e+03
3.053000000000000000e+03
3.072000000000000000e+03
3.091000000000000000e+03
3.110000000000000000e+03
3.128000000000000000e+03
3.146000000000000000e+03
3.164000000000000000e+03
3.182000000000000000e+03
3.200000000000000000e+03
3.218000000000000000e+03
3.236000000000000000e+03
3.254000000000000000e+03
3.272000000000000000e+03
3.290000000000000000e+03
3.308000000000000000e+03
3.326000000000000000e+03
3.344000000000000000e+03
3.362000000000000000e+03
3.380000000000000000e+03
3.397000000000000000e+03
3.414000000000000000e+03
3.432000000000000000e+03
3.449000000000000000e+03
3.466000000000000000e+03
3.483000000000000000e+03
3.500000000000000000e+03
3.517000000000000000e+03
3.534000000000000000e+03
3.551000000000000000e+03
3.568000000000000000e+03
3.585000000000000000e+03
3.602000000000000000e+03
3.619000000000000000e+03
3.636000000000000000e+03
3.653000000000000000e+03
3.670000000000000000e+03
3.687000000000000000e+03
3.704000000000000000e+03
3.721000000000000000e+03
3.738000000000000000e+03
3.755000000000000000e+03
3.772000000000000000e+03
3.789000000000000000e+03
3.806000000000000000e+03
3.823000000000000000e+03
3.840000000000000000e+03
3.857000000000000000e+03
3.874000000000000000e+03
3.891000000000000000e+03
3.908000000000000000e+03
3.925000000000000000e+03
3.942000000000000000e+03
3.959000000000000000e+03
3.976000000000000000e+03
3.993000000000000000e+03
4.010000000000000000e+03
4.027000000000000000e+03
4.044000000000000000e+03
4.062000000000000000e+03
4.080000000000000000e+03
4.098000000000000000e+03
4.115000000000000000e+03
4.132000000000000000e+03
4.149000000000000000e+03
4.165000000000000000e+03
4.181000000000000000e+03
4.197000000000000000e+03
4.213000000000000000e+03
4.229000000000000000e+03
4.244000000000000000e+03
4.259000000000000000e+03
4.274000000000000000e+03
4.289000000000000000e+03
4.304000000000000000e+03
4.319000000000000000e+03
4.334000000000000000e+03
4.349000000000000000e+03
4.364000000000000000e+03
4.379000000000000000e+03
4.393000000000000000e+03
4.407000000000000000e+03
4.421000000000000000e+03
4.435000000000000000e+03
4.449000000000000000e+03
4.463000000000000000e+03
4.477000000000000000e+03
4.491000000000000000e+03
4.505000000000000000e+03
4.519000000000000000e+03
4.533000000000000000e+03
4.547000000000000000e+03
4.561000000000000000e+03
4.575000000000000000e+03
4.590000000000000000e+03
4.605000000000000000e+03
4.620000000000000000e+03
4.635000000000000000e+03
4.650000000000000000e+03
4.665000000000000000e+03
4.680000000000000000e+03
4.695000000000000000e+03
4.710000000000000000e+03
4.725000000000000000e+03
4.741000000000000000e+03
4.757000000000000000e+03
4.773000000000000000e+03
4.789000000000000000e+03
4.805000000000000000e+03
4.821000000000000000e+03
4.838000000000000000e+03
4.855000000000000000e+03
4.872000000000000000e+03
4.890000000000000000e+03
4.908000000000000000e+03
4.926000000000000000e+03
4.945000000000000000e+03
4.964000000000000000e+03
4.983000000000000000e+03
5.003000000000000000e+03
5.023000000000000000e+03
5.044000000000000000e+03
5.065000000000000000e+03
5.087000000000000000e+03
5.110000000000000000e+03
5.134000000000000000e+03
5.158000000000000000e+03
5.183000000000000000e+03
5.209000000000000000e+03
5.236000000000000000e+03
5.264000000000000000e+03
5.293000000000000000e+03
5.323000000000000000e+03
5.355000000000000000e+03
5.387000000000000000e+03
5.421000000000000000e+03
5.455000000000000000e+03
5.489000000000000000e+03
5.525000000000000000e+03
5.563000000000000000e+03
5.602000000000000000e+03
5.642000000000000000e+03
5.683000000000000000e+03
5.725000000000000000e+03
5.768000000000000000e+03
5.814000000000000000e+03
5.861000000000000000e+03
5.910000000000000000e+03
5.962000000000000000e+03
6.017000000000000000e+03
6.072000000000000000e+03
6.128000000000000000e+03
6.183000000000000000e+03
6.238000000000000000e+03
6.293000000000000000e+03
6.346000000000000000e+03
6.399000000000000000e+03
6.452000000000000000e+03
6.505000000000000000e+03
6.557000000000000000e+03
6.609000000000000000e+03
6.661000000000000000e+03
6.714000000000000000e+03
6.767000000000000000e+03
6.819000000000000000e+03
6.871000000000000000e+03
6.924000000000000000e+03
6.977000000000000000e+03
7.031000000000000000e+03
7.085000000000000000e+03
7.140000000000000000e+03
7.198000000000000000e+03
7.256000000000000000e+03
7.314000000000000000e+03
7.375000000000000000e+03
7.437000000000000000e+03
7.503000000000000000e+03
7.570000000000000000e+03
7.640000000000000000e+03
7.711000000000000000e+03
7.779000000000000000e+03
7.840000000000000000e+03
7.898000000000000000e+03
7.954000000000000000e+03
8.007000000000000000e+03
8.059000000000000000e+03
8.108000000000000000e+03
8.156000000000000000e+03
8.202000000000000000e+03
8.247000000000000000e+03
8.291000000000000000e+03
8.334000000000000000e+03
8.376000000000000000e+03
8.417000000000000000e+03
8.456000000000000000e+03
8.495000000000000000e+03
8.533000000000000000e+03
8.570000000000000000e+03
8.607000000000000000e+03
8.643000000000000000e+03
8.679000000000000000e+03
8.714000000000000000e+03
8.749000000000000000e+03
8.783000000000000000e+03
8.817000000000000000e+03
8.851000000000000000e+03
8.884000000000000000e+03
8.917000000000000000e+03
8.950000000000000000e+03
8.983000000000000000e+03
9.016000000000000000e+03
9.049000000000000000e+03
9.081000000000000000e+03
9.113000000000000000e+03
9.145000000000000000e+03
9.177000000000000000e+03
9.209000000000000000e+03
9.240000000000000000e+03
9.271000000000000000e+03
9.302000000000000000e+03
9.333000000000000000e+03
9.364000000000000000e+03
9.395000000000000000e+03
9.426000000000000000e+03
9.457000000000000000e+03
9.488000000000000000e+03
9.519000000000000000e+03
9.550000000000000000e+03
9.581000000000000000e+03
9.612000000000000000e+03
9.643000000000000000e+03
9.674000000000000000e+03
9.705000000000000000e+03
9.736000000000000000e+03
9.767000000000000000e+03
9.798000000000000000e+03
9.829000000000000000e+03
9.860000000000000000e+03
9.891000000000000000e+03
9.922000000000000000e+03
9.953000000000000000e+03
9.984000000000000000e+03
1.001500000000000000e+04
1.004600000000000000e+04
1.007800000000000000e+04
1.010900000000000000e+04
1.014100000000000000e+04
1.017200000000000000e+04
1.020400000000000000e+04
1.023600000000000000e+04
1.026800000000000000e+04
1.030000000000000000e+04
1.033200000000000000e+04
1.036400000000000000e+04
1.039700000000000000e+04
1.043000000000000000e+04
1.046300000000000000e+04
1.049600000000000000e+04
1.052900000000000000e+04
1.056200000000000000e+04
1.059600000000000000e+04
1.063100000000000000e+04
1.066500000000000000e+04
1.069900000000000000e+04
1.073400000000000000e+04
1.077000000000000000e+04
1.080600000000000000e+04
1.084200000000000000e+04
1.087600000000000000e+04
1.091000000000000000e+04
1.094300000000000000e+04
1.097500000000000000e+04
1.100700000000000000e+04
1.103800000000000000e+04
1.106800000000000000e+04
1.109800000000000000e+04
1.112800000000000000e+04
1.115700000000000000e+04
1.118600000000000000e+04
1.121400000000000000e+04
1.124200000000000000e+04
1.127000000000000000e+04
1.129800000000000000e+04
1.132500000000000000e+04
1.135200000000000000e+04
1.137900000000000000e+04
1.140600000000000000e+04
1.143200000000000000e+04
1.145800000000000000e+04
1.148400000000000000e+04
1.151000000000000000e+04
1.153600000000000000e+04
1.156200000000000000e+04
1.158700000000000000e+04
1.161200000000000000e+04
1.163700000000000000e+04
1.166200000000000000e+04
1.168700000000000000e+04
1.171100000000000000e+04
1.173500000000000000e+04
1.175900000000000000e+04
1.178300000000000000e+04
1.180600000000000000e+04
1.182900000000000000e+04
1.185200000000000000e+04
1.187500000000000000e+04
1.189700000000000000e+04
1.191900000000000000e+04
1.194100000000000000e+04
1.196300000000000000e+04
1.198400000000000000e+04
1.200500000000000000e+04
1.202600000000000000e+04
1.204700000000000000e+04
1.206800000000000000e+04
1.208800000000000000e+04
1.210800000000000000e+04
1.212800000000000000e+04
1.214800000000000000e+04
1.216800000000000000e+04
1.218700000000000000e+04
1.220600000000000000e+04
1.222500000000000000e+04
1.224400000000000000e+04
1.226300000000000000e+04
1.228200000000000000e+04
1.230100000000000000e+04
1.232000000000000000e+04
1.233900000000000000e+04
1.235800000000000000e+04
1.237700000000000000e+04
1.239600000000000000e+04
1.241500000000000000e+04
1.243400000000000000e+04
1.245300000000000000e+04
1.247200000000000000e+04
1.249200000000000000e+04
1.251200000000000000e+04
1.253200000000000000e+04
1.255100000000000000e+04
1.257000000000000000e+04
1.258900000000000000e+04
1.260800000000000000e+04
1.262700000000000000e+04
1.264500000000000000e+04
1.266300000000000000e+04
1.268100000000000000e+04
1.269900000000000000e+04
1.271700000000000000e+04
1.273500000000000000e+04
1.275300000000000000e+04
1.277100000000000000e+04
1.278900000000000000e+04
1.280700000000000000e+04
1.282500000000000000e+04
1.284300000000000000e+04
1.286100000000000000e+04
1.287900000000000000e+04
1.289700000000000000e+04
1.291500000000000000e+04
1.293300000000000000e+04
1.295200000000000000e+04
1.297100000000000000e+04
1.299000000000000000e+04
1.300900000000000000e+04
1.302800000000000000e+04
1.304800000000000000e+04
1.306800000000000000e+04
1.308800000000000000e+04
1.310900000000000000e+04
1.313000000000000000e+04
1.315100000000000000e+04
1.317300000000000000e+04
1.319500000000000000e+04
1.321800000000000000e+04
1.324100000000000000e+04
1.326500000000000000e+04
1.328900000000000000e+04
1.331400000000000000e+04
1.334000000000000000e+04
1.336700000000000000e+04
1.339400000000000000e+04
1.342200000000000000e+04
1.345100000000000000e+04
1.348100000000000000e+04
1.351200000000000000e+04
1.354400000000000000e+04
1.357700000000000000e+04
1.361200000000000000e+04
1.364800000000000000e+04
1.368600000000000000e+04
1.372600000000000000e+04
1.376700000000000000e+04
1.381000000000000000e+04
1.385600000000000000e+04
1.390300000000000000e+04
1.395300000000000000e+04
1.400600000000000000e+04
1.406100000000000000e+04
1.411900000000000000e+04
1.418200000000000000e+04
1.424600000000000000e+04
1.431600000000000000e+04
1.439100000000000000e+04
1.446600000000000000e+04
1.454400000000000000e+04
1.462300000000000000e+04
1.469900000000000000e+04
1.477200000000000000e+04
1.484600000000000000e+04
1.491800000000000000e+04
1.498900000000000000e+04
1.505800000000000000e+04
1.512500000000000000e+04
1.519300000000000000e+04
1.525800000000000000e+04
1.532300000000000000e+04
1.538500000000000000e+04
1.544500000000000000e+04
1.550500000000000000e+04
1.556300000000000000e+04
1.562100000000000000e+04
1.567700000000000000e+04
1.573300000000000000e+04
1.578600000000000000e+04
1.584000000000000000e+04
1.589200000000000000e+04
1.594300000000000000e+04
1.599200000000000000e+04
1.604000000000000000e+04
1.608500000000000000e+04
1.612700000000000000e+04
1.616800000000000000e+04
1.620700000000000000e+04
1.624600000000000000e+04
1.628400000000000000e+04
1.632000000000000000e+04
1.635600000000000000e+04
1.639100000000000000e+04
1.642700000000000000e+04
1.646200000000000000e+04
1.649700000000000000e+04
1.653000000000000000e+04
1.656400000000000000e+04
1.659700000000000000e+04
1.663100000000000000e+04
1.666500000000000000e+04
1.669800000000000000e+04
1.673200000000000000e+04
1.676600000000000000e+04
1.680000000000000000e+04
1.683500000000000000e+04
1.687000000000000000e+04
1.690600000000000000e+04
1.694200000000000000e+04
1.698000000000000000e+04
1.701900000000000000e+04
1.706000000000000000e+04
1.710400000000000000e+04
1.714900000000000000e+04
1.719400000000000000e+04
1.723900000000000000e+04
1.728500000000000000e+04
1.733100000000000000e+04
1.737800000000000000e+04
1.742500000000000000e+04
1.747300000000000000e+04
1.751900000000000000e+04
1.756200000000000000e+04
1.760300000000000000e+04
1.764200000000000000e+04
1.767900000000000000e+04
1.771400000000000000e+04
1.774900000000000000e+04
1.778200000000000000e+04
1.781400000000000000e+04
1.784500000000000000e+04
1.787600000000000000e+04
1.790600000000000000e+04
1.793500000000000000e+04
1.796400000000000000e+04
1.799200000000000000e+04
1.802000000000000000e+04
1.804800000000000000e+04
1.807500000000000000e+04
1.810200000000000000e+04
1.812900000000000000e+04
1.815500000000000000e+04
1.818000000000000000e+04
1.820400000000000000e+04
1.822700000000000000e+04
1.825000000000000000e+04
1.827200000000000000e+04
1.829400000000000000e+04
1.831600000000000000e+04
1.833700000000000000e+04
1.835800000000000000e+04
1.837900000000000000e+04
1.840000000000000000e+04
1.842000000000000000e+04
1.844000000000000000e+04
1.846000000000000000e+04
1.848000000000000000e+04
1.850000000000000000e+04
1.852000000000000000e+04
1.854000000000000000e+04
1.856000000000000000e+04
1.858000000000000000e+04
1.860000000000000000e+04
1.862000000000000000e+04
1.864000000000000000e+04
1.866000000000000000e+04
1.868000000000000000e+04
1.870000000000000000e+04
1.872100000000000000e+04
1.874100000000000000e+04
1.876200000000000000e+04
1.878300000000000000e+04
1.880400000000000000e+04
1.882600000000000000e+04
1.884800000000000000e+04
1.887000000000000000e+04
1.889300000000000000e+04
1.891600000000000000e+04
1.893900000000000000e+04
1.896300000000000000e+04
1.898700000000000000e+04
1.901200000000000000e+04
1.903700000000000000e+04
1.906300000000000000e+04
1.909000000000000000e+04
1.911800000000000000e+04
1.914600000000000000e+04
1.917500000000000000e+04
1.920500000000000000e+04
1.923600000000000000e+04
1.926800000000000000e+04
1.930100000000000000e+04
1.933500000000000000e+04
1.937100000000000000e+04
1.940800000000000000e+04
1.944700000000000000e+04
1.948800000000000000e+04
1.953000000000000000e+04
1.957500000000000000e+04
1.962200000000000000e+04
1.967100000000000000e+04
1.972300000000000000e+04
1.977900000000000000e+04
1.983900000000000000e+04
1.990100000000000000e+04
1.996800000000000000e+04
2.004000000000000000e+04
2.011500000000000000e+04
2.019300000000000000e+04
2.027400000000000000e+04
2.035700000000000000e+04
2.044300000000000000e+04
2.053300000000000000e+04
2.062500000000000000e+04
2.072200000000000000e+04
2.082000000000000000e+04
2.092000000000000000e+04
2.102400000000000000e+04
2.113000000000000000e+04
2.123800000000000000e+04
2.134500000000000000e+04
2.145200000000000000e+04
2.155900000000000000e+04
2.166500000000000000e+04
2.176500000000000000e+04
2.186600000000000000e+04
2.196600000000000000e+04
2.206400000000000000e+04
2.215800000000000000e+04
2.225200000000000000e+04
2.234600000000000000e+04
2.243900000000000000e+04
2.253000000000000000e+04
2.261900000000000000e+04
2.270800000000000000e+04
2.279800000000000000e+04
2.288900000000000000e+04
2.297900000000000000e+04
2.307100000000000000e+04
2.316400000000000000e+04
2.325700000000000000e+04
2.335300000000000000e+04
2.344800000000000000e+04
2.354300000000000000e+04
2.363500000000000000e+04
2.372700000000000000e+04
2.382300000000000000e+04
2.391700000000000000e+04
2.400800000000000000e+04
2.410100000000000000e+04
2.419400000000000000e+04
2.428800000000000000e+04
2.437900000000000000e+04
2.447000000000000000e+04
2.456200000000000000e+04
2.465300000000000000e+04
2.474400000000000000e+04
2.483400000000000000e+04
2.492400000000000000e+04
2.501300000000000000e+04
2.510200000000000000e+04
2.518900000000000000e+04
2.527600000000000000e+04
2.536200000000000000e+04
2.544700000000000000e+04
2.553200000000000000e+04
2.561700000000000000e+04
2.570700000000000000e+04
2.579700000000000000e+04
2.588800000000000000e+04
2.598400000000000000e+04
2.608300000000000000e+04
2.618900000000000000e+04
2.630000000000000000e+04
2.641700000000000000e+04
2.654100000000000000e+04
2.667900000000000000e+04
2.682900000000000000e+04
2.699600000000000000e+04
2.718400000000000000e+04
2.738800000000000000e+04
2.761300000000000000e+04
2.787500000000000000e+04
2.816700000000000000e+04
2.850700000000000000e+04
2.888500000000000000e+04
2.919000000000000000e+04
2.946800000000000000e+04
2.971500000000000000e+04
2.993800000000000000e+04
3.014300000000000000e+04
3.032800000000000000e+04
3.050600000000000000e+04
3.067100000000000000e+04
3.082100000000000000e+04
3.096500000000000000e+04
3.110400000000000000e+04
3.124000000000000000e+04
3.136800000000000000e+04
3.149100000000000000e+04
3.161400000000000000e+04
3.173900000000000000e+04
3.185700000000000000e+04
3.196800000000000000e+04
3.207500000000000000e+04
3.217900000000000000e+04
3.228000000000000000e+04
3.237700000000000000e+04
3.247100000000000000e+04
3.256400000000000000e+04
3.265400000000000000e+04
3.274300000000000000e+04
3.283000000000000000e+04
3.291600000000000000e+04
3.300100000000000000e+04
3.308500000000000000e+04
3.316900000000000000e+04
3.325200000000000000e+04
3.333200000000000000e+04
3.341000000000000000e+04
3.348500000000000000e+04
3.355800000000000000e+04
3.362800000000000000e+04
3.369600000000000000e+04
3.376200000000000000e+04
3.382700000000000000e+04
3.389000000000000000e+04
3.395100000000000000e+04
3.401100000000000000e+04
3.407000000000000000e+04
3.412700000000000000e+04
3.418200000000000000e+04
3.423600000000000000e+04
3.428800000000000000e+04
3.434000000000000000e+04
3.439100000000000000e+04
3.444000000000000000e+04
3.448800000000000000e+04
3.453500000000000000e+04
3.458100000000000000e+04
3.462500000000000000e+04
3.466800000000000000e+04
3.471100000000000000e+04
3.475200000000000000e+04
3.479200000000000000e+04
3.483200000000000000e+04
3.487100000000000000e+04
3.491000000000000000e+04
3.494800000000000000e+04
3.498600000000000000e+04
3.502300000000000000e+04
3.506000000000000000e+04
3.509700000000000000e+04
3.513300000000000000e+04
3.516900000000000000e+04
3.520500000000000000e+04
3.524100000000000000e+04
3.527700000000000000e+04
3.531300000000000000e+04
3.534900000000000000e+04
3.538500000000000000e+04
3.542100000000000000e+04
3.545700000000000000e+04
3.549300000000000000e+04
3.552900000000000000e+04
3.556600000000000000e+04
3.560400000000000000e+04
3.564300000000000000e+04
3.568400000000000000e+04
3.572600000000000000e+04
3.577000000000000000e+04
3.581600000000000000e+04
3.586300000000000000e+04
3.591000000000000000e+04
3.595700000000000000e+04
3.600400000000000000e+04
3.605100000000000000e+04
3.609800000000000000e+04
3.614500000000000000e+04
3.619100000000000000e+04
3.623700000000000000e+04
3.628200000000000000e+04
3.632600000000000000e+04
3.636900000000000000e+04
3.641100000000000000e+04
3.645200000000000000e+04
3.649100000000000000e+04
3.653000000000000000e+04
3.656800000000000000e+04
3.660500000000000000e+04
3.664100000000000000e+04
3.667600000000000000e+04
3.671000000000000000e+04
3.674300000000000000e+04
3.677500000000000000e+04
3.680600000000000000e+04
3.683700000000000000e+04
3.686700000000000000e+04
3.689600000000000000e+04
3.692400000000000000e+04
3.695100000000000000e+04
3.697800000000000000e+04
3.700400000000000000e+04
3.702900000000000000e+04
3.705400000000000000e+04
3.707800000000000000e+04
3.710200000000000000e+04
3.712500000000000000e+04
3.714700000000000000e+04
3.716900000000000000e+04
3.719100000000000000e+04
3.721200000000000000e+04
3.723300000000000000e+04
3.725300000000000000e+04
3.727300000000000000e+04
3.729200000000000000e+04
3.731100000000000000e+04
3.733000000000000000e+04
3.734800000000000000e+04
3.736600000000000000e+04
3.738400000000000000e+04
3.740100000000000000e+04
3.741800000000000000e+04
3.743500000000000000e+04
3.745200000000000000e+04
3.746800000000000000e+04
3.748400000000000000e+04
3.750000000000000000e+04
3.751600000000000000e+04
3.753100000000000000e+04
3.754600000000000000e+04
3.756100000000000000e+04
3.757600000000000000e+04
3.759100000000000000e+04
3.760500000000000000e+04
3.761900000000000000e+04
3.763300000000000000e+04
3.764700000000000000e+04
3.766100000000000000e+04
3.767500000000000000e+04
3.768900000000000000e+04
3.770300000000000000e+04
3.771600000000000000e+04
3.772900000000000000e+04
3.774200000000000000e+04
3.775500000000000000e+04
3.776800000000000000e+04
3.778100000000000000e+04
3.779400000000000000e+04
3.780700000000000000e+04
3.782000000000000000e+04
3.783300000000000000e+04
3.784600000000000000e+04
3.785900000000000000e+04
3.787200000000000000e+04
3.788500000000000000e+04
3.789800000000000000e+04
3.791100000000000000e+04
3.792400000000000000e+04
3.793700000000000000e+04
3.795000000000000000e+04
3.796300000000000000e+04
3.797600000000000000e+04
3.798900000000000000e+04
3.800200000000000000e+04
3.801500000000000000e+04
3.802800000000000000e+04
3.804100000000000000e+04
3.805500000000000000e+04
3.806900000000000000e+04
3.808300000000000000e+04
3.809700000000000000e+04
3.811100000000000000e+04
3.812500000000000000e+04
3.813900000000000000e+04
3.815300000000000000e+04
3.816700000000000000e+04
3.818100000000000000e+04
3.819500000000000000e+04
3.820900000000000000e+04
3.822300000000000000e+04
3.823700000000000000e+04
3.825200000000000000e+04
3.826700000000000000e+04
3.828200000000000000e+04
3.829700000000000000e+04
3.831200000000000000e+04
3.832800000000000000e+04
3.834400000000000000e+04
3.836000000000000000e+04
3.837600000000000000e+04
3.839200000000000000e+04
3.840800000000000000e+04
3.842400000000000000e+04
3.844000000000000000e+04
3.845600000000000000e+04
3.847200000000000000e+04
3.848900000000000000e+04
3.850600000000000000e+04
3.852300000000000000e+04
3.854000000000000000e+04
3.855700000000000000e+04
3.857500000000000000e+04
3.859300000000000000e+04
3.861100000000000000e+04
3.863000000000000000e+04
3.864900000000000000e+04
3.866900000000000000e+04
3.868900000000000000e+04
3.871000000000000000e+04
3.873100000000000000e+04
3.875300000000000000e+04
3.877600000000000000e+04
3.879900000000000000e+04
3.882300000000000000e+04
3.884800000000000000e+04
3.887400000000000000e+04
3.890100000000000000e+04
3.892900000000000000e+04
3.895700000000000000e+04
3.898700000000000000e+04
3.901800000000000000e+04
3.905100000000000000e+04
3.908500000000000000e+04
3.912100000000000000e+04
3.915900000000000000e+04
3.919800000000000000e+04
3.924000000000000000e+04
3.928400000000000000e+04
3.933000000000000000e+04
3.937800000000000000e+04
3.942700000000000000e+04
3.947600000000000000e+04
3.952500000000000000e+04
3.957400000000000000e+04
3.962200000000000000e+04
3.967000000000000000e+04
3.971800000000000000e+04
3.976500000000000000e+04
3.981200000000000000e+04
3.985800000000000000e+04
3.990400000000000000e+04
3.994900000000000000e+04
3.999400000000000000e+04
4.003800000000000000e+04
4.008100000000000000e+04
4.012300000000000000e+04
4.016400000000000000e+04
4.020400000000000000e+04
4.024400000000000000e+04
4.028300000000000000e+04
4.032100000000000000e+04
4.035900000000000000e+04
4.039700000000000000e+04
4.043400000000000000e+04
4.047000000000000000e+04
4.050600000000000000e+04
4.054100000000000000e+04
4.057500000000000000e+04
4.060900000000000000e+04
4.064200000000000000e+04
4.067500000000000000e+04
4.070900000000000000e+04
4.074200000000000000e+04
4.077500000000000000e+04
4.080700000000000000e+04
4.083900000000000000e+04
4.087100000000000000e+04
4.090300000000000000e+04
4.093500000000000000e+04
4.096700000000000000e+04
4.099900000000000000e+04
4.103100000000000000e+04
4.106400000000000000e+04
4.109600000000000000e+04
4.112800000000000000e+04
4.115900000000000000e+04
4.119000000000000000e+04
4.122000000000000000e+04
4.125000000000000000e+04
4.128000000000000000e+04
4.130900000000000000e+04
4.133800000000000000e+04
4.136700000000000000e+04
4.139600000000000000e+04
4.142500000000000000e+04
4.145400000000000000e+04
4.148300000000000000e+04
4.151200000000000000e+04
4.154100000000000000e+04
4.157000000000000000e+04
4.159900000000000000e+04
4.162800000000000000e+04
4.165800000000000000e+04
4.168700000000000000e+04
4.171700000000000000e+04
4.174700000000000000e+04
4.177700000000000000e+04
4.180800000000000000e+04
4.183900000000000000e+04
4.187000000000000000e+04
4.190100000000000000e+04
4.193300000000000000e+04
4.196500000000000000e+04
4.199700000000000000e+04
4.202900000000000000e+04
4.206200000000000000e+04
4.209600000000000000e+04
4.212900000000000000e+04
4.216200000000000000e+04
4.219500000000000000e+04
4.222900000000000000e+04
4.226300000000000000e+04
4.229700000000000000e+04
4.233100000000000000e+04
4.236500000000000000e+04
4.239800000000000000e+04
4.243100000000000000e+04
4.246500000000000000e+04
4.249800000000000000e+04
4.253200000000000000e+04
4.256500000000000000e+04
4.259800000000000000e+04
4.263200000000000000e+04
4.266500000000000000e+04
4.269800000000000000e+04
4.273000000000000000e+04
4.276200000000000000e+04
4.279300000000000000e+04
4.282300000000000000e+04
4.285200000000000000e+04
4.288100000000000000e+04
4.290900000000000000e+04
4.293700000000000000e+04
4.296400000000000000e+04
4.299100000000000000e+04
4.301700000000000000e+04
4.304300000000000000e+04
4.306900000000000000e+04
4.309400000000000000e+04
4.311900000000000000e+04
4.314300000000000000e+04
4.316700000000000000e+04
4.319100000000000000e+04
4.321500000000000000e+04
4.323800000000000000e+04
4.326100000000000000e+04
4.328400000000000000e+04
4.330700000000000000e+04
4.332900000000000000e+04
4.335100000000000000e+04
4.337300000000000000e+04
4.339400000000000000e+04
4.341500000000000000e+04
4.343600000000000000e+04
4.345700000000000000e+04
4.347800000000000000e+04
4.349900000000000000e+04
4.351900000000000000e+04
4.353900000000000000e+04
4.355900000000000000e+04
4.357900000000000000e+04
4.359800000000000000e+04
4.361700000000000000e+04
4.363600000000000000e+04
4.365500000000000000e+04
4.367400000000000000e+04
4.369300000000000000e+04
4.371100000000000000e+04
4.372900000000000000e+04
4.374700000000000000e+04
4.376500000000000000e+04
4.378300000000000000e+04
4.380000000000000000e+04
4.381700000000000000e+04
4.383400000000000000e+04
4.385100000000000000e+04
4.386800000000000000e+04
4.388500000000000000e+04
4.390200000000000000e+04
4.391900000000000000e+04
4.393500000000000000e+04
4.395100000000000000e+04
4.396700000000000000e+04
4.398300000000000000e+04
4.399900000000000000e+04
4.401500000000000000e+04
4.403100000000000000e+04
4.404700000000000000e+04
4.406300000000000000e+04
4.407900000000000000e+04
4.409500000000000000e+04
4.411100000000000000e+04
4.412700000000000000e+04
4.414300000000000000e+04
4.415900000000000000e+04
4.417500000000000000e+04
4.419100000000000000e+04
4.420700000000000000e+04
4.422300000000000000e+04
4.423900000000000000e+04
4.425500000000000000e+04
4.427100000000000000e+04
4.428700000000000000e+04
4.430300000000000000e+04
4.432000000000000000e+04
4.433700000000000000e+04
4.435400000000000000e+04
4.437100000000000000e+04
4.438800000000000000e+04
4.440500000000000000e+04
4.442200000000000000e+04
4.443900000000000000e+04
4.445600000000000000e+04
4.447300000000000000e+04
4.449000000000000000e+04
4.450700000000000000e+04
4.452400000000000000e+04
4.454100000000000000e+04
4.455800000000000000e+04
4.457500000000000000e+04
4.459200000000000000e+04
4.460900000000000000e+04
4.462600000000000000e+04
4.464300000000000000e+04
4.466000000000000000e+04
4.467700000000000000e+04
4.469400000000000000e+04
4.471100000000000000e+04
4.472800000000000000e+04
4.474500000000000000e+04
4.476200000000000000e+04
4.477900000000000000e+04
4.479600000000000000e+04
4.481300000000000000e+04
4.483000000000000000e+04
4.484700000000000000e+04
4.486400000000000000e+04
4.488100000000000000e+04
4.489800000000000000e+04
4.491500000000000000e+04
4.493200000000000000e+04
4.494900000000000000e+04
4.496600000000000000e+04
4.498300000000000000e+04
4.500000000000000000e+04
4.501700000000000000e+04
4.503400000000000000e+04
4.505100000000000000e+04
4.506800000000000000e+04
4.508500000000000000e+04
4.510200000000000000e+04
4.511900000000000000e+04
4.513600000000000000e+04
4.515300000000000000e+04
4.516900000000000000e+04
4.518500000000000000e+04
4.520100000000000000e+04
4.521700000000000000e+04
4.523200000000000000e+04
4.524700000000000000e+04
4.526200000000000000e+04
4.527700000000000000e+04
4.529100000000000000e+04
4.530500000000000000e+04
4.531900000000000000e+04
4.533300000000000000e+04
4.534700000000000000e+04
4.536100000000000000e+04
4.537500000000000000e+04
4.538900000000000000e+04
4.540300000000000000e+04
4.541700000000000000e+04
4.543100000000000000e+04
4.544400000000000000e+04
4.545800000000000000e+04
4.547200000000000000e+04
4.548500000000000000e+04
4.549900000000000000e+04
4.551300000000000000e+04
4.552700000000000000e+04
4.554100000000000000e+04
4.555500000000000000e+04
4.556900000000000000e+04
4.558300000000000000e+04
4.559700000000000000e+04
4.561100000000000000e+04
4.562500000000000000e+04
4.564000000000000000e+04
4.565500000000000000e+04
4.567000000000000000e+04
4.568500000000000000e+04
4.570000000000000000e+04
4.571600000000000000e+04
4.573200000000000000e+04
4.574800000000000000e+04
4.576400000000000000e+04
4.578100000000000000e+04
4.579800000000000000e+04
4.581600000000000000e+04
4.583400000000000000e+04
4.585200000000000000e+04
4.587100000000000000e+04
4.589000000000000000e+04
4.591000000000000000e+04
4.593100000000000000e+04
4.595200000000000000e+04
4.597400000000000000e+04
4.599700000000000000e+04
4.602000000000000000e+04
4.604400000000000000e+04
4.606800000000000000e+04
4.609300000000000000e+04
4.611800000000000000e+04
4.614400000000000000e+04
4.617000000000000000e+04
4.619700000000000000e+04
4.622400000000000000e+04
4.625200000000000000e+04
4.628000000000000000e+04
4.630800000000000000e+04
4.633600000000000000e+04
4.636500000000000000e+04
4.639400000000000000e+04
4.642300000000000000e+04
4.645300000000000000e+04
4.648200000000000000e+04
4.651200000000000000e+04
4.654200000000000000e+04
4.657100000000000000e+04
4.660000000000000000e+04
4.662900000000000000e+04
4.665800000000000000e+04
4.668600000000000000e+04
4.671300000000000000e+04
4.674100000000000000e+04
4.676800000000000000e+04
4.679400000000000000e+04
4.682000000000000000e+04
4.684500000000000000e+04
4.687000000000000000e+04
4.689500000000000000e+04
4.692000000000000000e+04
4.694500000000000000e+04
4.696900000000000000e+04
4.699300000000000000e+04
4.701700000000000000e+04
4.704100000000000000e+04
4.706500000000000000e+04
4.708900000000000000e+04
4.711300000000000000e+04
4.713700000000000000e+04
4.716000000000000000e+04
4.718300000000000000e+04
4.720600000000000000e+04
4.722900000000000000e+04
4.725200000000000000e+04
4.727400000000000000e+04
4.729600000000000000e+04
4.731800000000000000e+04
4.734000000000000000e+04
4.736200000000000000e+04
4.738400000000000000e+04
4.740500000000000000e+04
4.742600000000000000e+04
4.744700000000000000e+04
4.746800000000000000e+04
4.748900000000000000e+04
4.751000000000000000e+04
4.753100000000000000e+04
4.755200000000000000e+04
4.757300000000000000e+04
4.759400000000000000e+04
4.761400000000000000e+04
4.763500000000000000e+04
4.765600000000000000e+04
4.767700000000000000e+04
4.769800000000000000e+04
4.771900000000000000e+04
4.774000000000000000e+04
4.776100000000000000e+04
4.778200000000000000e+04
4.780300000000000000e+04
4.782400000000000000e+04
4.784600000000000000e+04
4.786800000000000000e+04
4.789000000000000000e+04
4.791200000000000000e+04
4.793400000000000000e+04
4.795600000000000000e+04
4.797800000000000000e+04
4.800000000000000000e+04
4.802200000000000000e+04
4.804400000000000000e+04
4.806700000000000000e+04
4.809000000000000000e+04
4.811300000000000000e+04
4.813600000000000000e+04
4.815900000000000000e+04
4.818200000000000000e+04
4.820500000000000000e+04
4.822800000000000000e+04
4.825100000000000000e+04
4.827400000000000000e+04
4.829700000000000000e+04
4.832000000000000000e+04
4.834300000000000000e+04
4.836600000000000000e+04
4.838900000000000000e+04
4.841200000000000000e+04
4.843400000000000000e+04
4.845700000000000000e+04
4.848000000000000000e+04
4.850300000000000000e+04
4.852500000000000000e+04
4.854700000000000000e+04
4.856900000000000000e+04
4.859100000000000000e+04
4.861300000000000000e+04
4.863500000000000000e+04
4.865700000000000000e+04
4.867900000000000000e+04
4.870100000000000000e+04
4.872300000000000000e+04
4.874500000000000000e+04
4.876700000000000000e+04
4.878900000000000000e+04
4.881100000000000000e+04
4.883300000000000000e+04
4.885500000000000000e+04
4.887700000000000000e+04
4.889900000000000000e+04
4.892200000000000000e+04
4.894500000000000000e+04
4.896800000000000000e+04
4.899200000000000000e+04
4.901600000000000000e+04
4.904000000000000000e+04
4.906400000000000000e+04
4.908800000000000000e+04
4.911300000000000000e+04
4.913800000000000000e+04
4.916400000000000000e+04
4.919000000000000000e+04
4.921600000000000000e+04
4.924300000000000000e+04
4.927100000000000000e+04
4.929900000000000000e+04
4.932800000000000000e+04
4.935800000000000000e+04
4.938800000000000000e+04
4.942000000000000000e+04
4.945300000000000000e+04
4.948700000000000000e+04
4.952100000000000000e+04
4.955500000000000000e+04
4.959200000000000000e+04
4.963000000000000000e+04
4.966900000000000000e+04
4.971100000000000000e+04
4.975400000000000000e+04
4.979900000000000000e+04
4.984400000000000000e+04
4.989200000000000000e+04
4.994200000000000000e+04
4.999400000000000000e+04
5.004700000000000000e+04
5.010400000000000000e+04
5.016400000000000000e+04
5.022600000000000000e+04
5.029400000000000000e+04
5.036100000000000000e+04
5.042800000000000000e+04
5.050000000000000000e+04
5.057300000000000000e+04
5.064800000000000000e+04
5.072500000000000000e+04
5.080500000000000000e+04
5.088800000000000000e+04
5.097500000000000000e+04
5.106500000000000000e+04
5.116200000000000000e+04
5.126300000000000000e+04
5.136800000000000000e+04
5.147500000000000000e+04
5.158700000000000000e+04
5.170800000000000000e+04
5.182600000000000000e+04
5.195000000000000000e+04
5.208000000000000000e+04
5.220900000000000000e+04
5.233300000000000000e+04
5.245700000000000000e+04
5.257700000000000000e+04
5.268700000000000000e+04
5.278900000000000000e+04
5.288700000000000000e+04
5.298200000000000000e+04
5.307200000000000000e+04
5.315700000000000000e+04
5.323600000000000000e+04
5.330900000000000000e+04
5.337800000000000000e+04
5.344300000000000000e+04
5.350500000000000000e+04
5.356600000000000000e+04
5.362600000000000000e+04
5.368300000000000000e+04
5.373800000000000000e+04
5.379100000000000000e+04
5.384200000000000000e+04
5.389100000000000000e+04
5.393900000000000000e+04
5.398600000000000000e+04
5.403200000000000000e+04
5.407600000000000000e+04
5.411800000000000000e+04
5.415900000000000000e+04
5.420000000000000000e+04
5.424000000000000000e+04
5.427800000000000000e+04
5.431500000000000000e+04
5.435100000000000000e+04
5.438700000000000000e+04
5.442300000000000000e+04
5.445800000000000000e+04
5.449200000000000000e+04
5.452500000000000000e+04
5.455800000000000000e+04
5.459000000000000000e+04
5.462100000000000000e+04
5.465200000000000000e+04
5.468200000000000000e+04
5.471200000000000000e+04
5.474200000000000000e+04
5.477100000000000000e+04
5.480000000000000000e+04
5.482800000000000000e+04
5.485600000000000000e+04
5.488300000000000000e+04
5.491000000000000000e+04
5.493700000000000000e+04
5.496300000000000000e+04
5.498900000000000000e+04
5.501500000000000000e+04
5.504000000000000000e+04
5.506500000000000000e+04
5.509000000000000000e+04
5.511400000000000000e+04
5.513800000000000000e+04
5.516200000000000000e+04
5.518600000000000000e+04
5.520900000000000000e+04
5.523200000000000000e+04
5.525500000000000000e+04
5.527800000000000000e+04
5.530100000000000000e+04
5.532400000000000000e+04
5.534600000000000000e+04
5.536800000000000000e+04
5.539000000000000000e+04
5.541100000000000000e+04
5.543200000000000000e+04
5.545300000000000000e+04
5.547400000000000000e+04
5.549500000000000000e+04
5.551600000000000000e+04
5.553700000000000000e+04
5.555700000000000000e+04
5.557700000000000000e+04
5.559700000000000000e+04
5.561700000000000000e+04
5.563700000000000000e+04
5.565700000000000000e+04
5.567700000000000000e+04
5.569600000000000000e+04
5.571500000000000000e+04
5.573400000000000000e+04
5.575300000000000000e+04
5.577200000000000000e+04
5.579100000000000000e+04
5.580900000000000000e+04
5.582700000000000000e+04
5.584500000000000000e+04
5.586300000000000000e+04
5.588100000000000000e+04
5.589900000000000000e+04
5.591700000000000000e+04
5.593500000000000000e+04
5.595300000000000000e+04
5.597000000000000000e+04
5.598700000000000000e+04
5.600400000000000000e+04
5.602100000000000000e+04
5.603800000000000000e+04
5.605500000000000000e+04
5.607200000000000000e+04
5.608900000000000000e+04
5.610600000000000000e+04
5.612300000000000000e+04
5.614000000000000000e+04
5.615700000000000000e+04
5.617300000000000000e+04
5.618900000000000000e+04
5.620500000000000000e+04
5.622100000000000000e+04
5.623700000000000000e+04
5.625300000000000000e+04
5.627000000000000000e+04
5.628700000000000000e+04
5.630400000000000000e+04
5.632100000000000000e+04
5.633800000000000000e+04
5.635500000000000000e+04
5.637200000000000000e+04
5.638800000000000000e+04
5.640400000000000000e+04
5.642000000000000000e+04
5.643600000000000000e+04
5.645100000000000000e+04
5.646600000000000000e+04
5.648100000000000000e+04
5.649600000000000000e+04
5.651100000000000000e+04
5.652600000000000000e+04
5.654100000000000000e+04
5.655500000000000000e+04
5.656900000000000000e+04
5.658300000000000000e+04
5.659700000000000000e+04
5.661100000000000000e+04
5.662500000000000000e+04
5.663900000000000000e+04
5.665300000000000000e+04
5.666700000000000000e+04
5.668100000000000000e+04
5.669500000000000000e+04
5.671000000000000000e+04
5.672400000000000000e+04
5.673900000000000000e+04
5.675400000000000000e+04
5.676900000000000000e+04
5.678400000000000000e+04
5.679900000000000000e+04
5.681400000000000000e+04
5.683000000000000000e+04
5.684600000000000000e+04
5.686200000000000000e+04
5.687800000000000000e+04
5.689500000000000000e+04
5.691200000000000000e+04
5.692900000000000000e+04
5.694700000000000000e+04
5.696500000000000000e+04
5.698400000000000000e+04
5.700300000000000000e+04
5.702300000000000000e+04
5.704300000000000000e+04
5.706300000000000000e+04
5.708300000000000000e+04
5.710400000000000000e+04
5.712500000000000000e+04
5.714600000000000000e+04
5.716700000000000000e+04
5.718900000000000000e+04
5.721100000000000000e+04
5.723400000000000000e+04
5.725700000000000000e+04
5.728100000000000000e+04
5.730500000000000000e+04
5.733000000000000000e+04
5.735500000000000000e+04
5.738100000000000000e+04
5.740800000000000000e+04
5.743600000000000000e+04
5.746500000000000000e+04
5.749500000000000000e+04
5.752600000000000000e+04
5.755900000000000000e+04
5.759400000000000000e+04
5.763000000000000000e+04
5.766800000000000000e+04
5.770800000000000000e+04
5.775000000000000000e+04
5.779600000000000000e+04
5.784600000000000000e+04
5.789700000000000000e+04
5.794700000000000000e+04
5.799500000000000000e+04
5.804200000000000000e+04
5.808900000000000000e+04
5.813400000000000000e+04
5.817900000000000000e+04
5.822400000000000000e+04
5.826800000000000000e+04
5.831000000000000000e+04
5.835200000000000000e+04
5.839400000000000000e+04
5.843500000000000000e+04
5.847600000000000000e+04
5.851600000000000000e+04
5.855600000000000000e+04
5.859600000000000000e+04
5.863500000000000000e+04
5.867300000000000000e+04
5.871200000000000000e+04
5.875000000000000000e+04
5.878700000000000000e+04
5.882400000000000000e+04
5.886100000000000000e+04
5.889800000000000000e+04
5.893500000000000000e+04
5.897200000000000000e+04
5.901000000000000000e+04
5.904700000000000000e+04
5.908400000000000000e+04
5.912200000000000000e+04
5.916000000000000000e+04
5.919800000000000000e+04
5.923700000000000000e+04
5.927600000000000000e+04
5.931600000000000000e+04
5.935700000000000000e+04
5.939800000000000000e+04
5.944000000000000000e+04
5.948300000000000000e+04
5.952700000000000000e+04
5.957300000000000000e+04
5.962100000000000000e+04
5.967200000000000000e+04
5.972400000000000000e+04
5.977900000000000000e+04
5.983400000000000000e+04
5.988900000000000000e+04
5.994400000000000000e+04
6.000100000000000000e+04
6.006000000000000000e+04
6.012100000000000000e+04
6.018400000000000000e+04
6.025100000000000000e+04
6.031900000000000000e+04
6.039000000000000000e+04
6.047000000000000000e+04
6.054900000000000000e+04
6.062100000000000000e+04
6.069000000000000000e+04
6.075400000000000000e+04
6.081500000000000000e+04
6.087300000000000000e+04
6.092800000000000000e+04
6.098200000000000000e+04
6.103400000000000000e+04
6.108400000000000000e+04
6.113300000000000000e+04
6.118000000000000000e+04
6.122700000000000000e+04
6.127300000000000000e+04
6.131900000000000000e+04
6.136200000000000000e+04
6.140300000000000000e+04
6.144400000000000000e+04
6.148300000000000000e+04
6.152100000000000000e+04
6.155900000000000000e+04
6.159600000000000000e+04
6.163200000000000000e+04
6.166800000000000000e+04
6.170300000000000000e+04
6.173800000000000000e+04
6.177400000000000000e+04
6.180900000000000000e+04
6.184400000000000000e+04
6.187900000000000000e+04
6.191400000000000000e+04
6.195000000000000000e+04
6.198500000000000000e+04
6.202200000000000000e+04
6.205900000000000000e+04
6.209700000000000000e+04
6.213600000000000000e+04
6.217600000000000000e+04
6.221700000000000000e+04
6.225900000000000000e+04
6.230300000000000000e+04
6.235000000000000000e+04
6.240000000000000000e+04
6.245000000000000000e+04
6.250200000000000000e+04
6.255500000000000000e+04
6.260900000000000000e+04
6.266400000000000000e+04
6.272300000000000000e+04
6.278200000000000000e+04
6.284700000000000000e+04
6.291600000000000000e+04
6.299000000000000000e+04
6.307000000000000000e+04
6.315100000000000000e+04
6.322600000000000000e+04
6.329700000000000000e+04
6.336300000000000000e+04
6.342700000000000000e+04
6.348700000000000000e+04
6.354500000000000000e+04
6.360100000000000000e+04
6.365600000000000000e+04
6.371000000000000000e+04
6.376200000000000000e+04
6.381400000000000000e+04
6.386400000000000000e+04
6.391100000000000000e+04
6.395800000000000000e+04
6.400200000000000000e+04
6.404400000000000000e+04
6.408600000000000000e+04
6.412500000000000000e+04
6.416400000000000000e+04
6.420100000000000000e+04
6.423700000000000000e+04
6.427200000000000000e+04
6.430600000000000000e+04
6.434000000000000000e+04
6.437400000000000000e+04
6.440700000000000000e+04
6.444000000000000000e+04
6.447200000000000000e+04
6.450400000000000000e+04
6.453500000000000000e+04
6.456500000000000000e+04
6.459500000000000000e+04
6.462500000000000000e+04
6.465500000000000000e+04
6.468400000000000000e+04
6.471300000000000000e+04
6.474100000000000000e+04
6.476900000000000000e+04
6.479600000000000000e+04
6.482300000000000000e+04
6.485000000000000000e+04
6.487700000000000000e+04
6.490400000000000000e+04
6.493000000000000000e+04
6.495600000000000000e+04
6.498200000000000000e+04
6.500700000000000000e+04
6.503200000000000000e+04
6.505700000000000000e+04
6.508100000000000000e+04
6.510500000000000000e+04
6.512900000000000000e+04
6.515200000000000000e+04
6.517500000000000000e+04
6.519800000000000000e+04
6.522100000000000000e+04
6.524400000000000000e+04
6.526600000000000000e+04
6.528800000000000000e+04
6.531000000000000000e+04
6.533200000000000000e+04
6.535400000000000000e+04
6.537600000000000000e+04
6.539700000000000000e+04
6.541800000000000000e+04
6.543900000000000000e+04
6.546000000000000000e+04
6.548100000000000000e+04
6.550200000000000000e+04
6.552200000000000000e+04
6.554200000000000000e+04
6.556200000000000000e+04
6.558200000000000000e+04
6.560200000000000000e+04
6.562200000000000000e+04
6.564200000000000000e+04
6.566200000000000000e+04
6.568100000000000000e+04
6.570100000000000000e+04
6.572000000000000000e+04
6.573900000000000000e+04
6.575800000000000000e+04
6.577700000000000000e+04
6.579600000000000000e+04
6.581500000000000000e+04
6.583400000000000000e+04
6.585300000000000000e+04
6.587200000000000000e+04
6.589100000000000000e+04
6.591000000000000000e+04
6.592900000000000000e+04
6.594800000000000000e+04
6.596700000000000000e+04
6.598600000000000000e+04
6.600500000000000000e+04
6.602400000000000000e+04
6.604300000000000000e+04
6.606200000000000000e+04
6.608100000000000000e+04
6.610000000000000000e+04
6.611900000000000000e+04
6.613800000000000000e+04
6.615700000000000000e+04
6.617600000000000000e+04
6.619600000000000000e+04
6.621600000000000000e+04
6.623600000000000000e+04
6.625600000000000000e+04
6.627600000000000000e+04
6.629600000000000000e+04
6.631600000000000000e+04
6.633700000000000000e+04
6.635800000000000000e+04
6.637900000000000000e+04
6.640000000000000000e+04
6.642200000000000000e+04
6.644400000000000000e+04
6.646700000000000000e+04
6.649000000000000000e+04
6.651400000000000000e+04
6.653800000000000000e+04
6.656300000000000000e+04
6.658900000000000000e+04
6.661500000000000000e+04
6.664200000000000000e+04
6.667000000000000000e+04
6.669900000000000000e+04
6.672900000000000000e+04
6.676000000000000000e+04
6.679100000000000000e+04
6.682300000000000000e+04
6.685700000000000000e+04
6.689300000000000000e+04
6.692800000000000000e+04
6.696200000000000000e+04
6.699500000000000000e+04
6.702700000000000000e+04
6.705800000000000000e+04
6.708800000000000000e+04
6.711800000000000000e+04
6.714700000000000000e+04
6.717600000000000000e+04
6.720400000000000000e+04
6.723200000000000000e+04
6.726100000000000000e+04
6.729000000000000000e+04
6.731900000000000000e+04
6.734800000000000000e+04
6.737800000000000000e+04
6.740800000000000000e+04
6.743900000000000000e+04
6.747000000000000000e+04
6.750200000000000000e+04
6.753500000000000000e+04
6.757000000000000000e+04
6.760700000000000000e+04
6.764600000000000000e+04
6.768700000000000000e+04
6.773100000000000000e+04
6.777600000000000000e+04
6.782100000000000000e+04
6.786700000000000000e+04
6.791400000000000000e+04
6.796400000000000000e+04
6.801600000000000000e+04
6.806900000000000000e+04
6.812300000000000000e+04
6.818200000000000000e+04
6.824200000000000000e+04
6.830600000000000000e+04
6.837400000000000000e+04
6.844500000000000000e+04
6.852100000000000000e+04
6.859800000000000000e+04
6.868000000000000000e+04
6.876400000000000000e+04
6.885700000000000000e+04
6.895400000000000000e+04
6.905800000000000000e+04
6.916600000000000000e+04
6.927900000000000000e+04
6.938400000000000000e+04
6.948300000000000000e+04
6.957900000000000000e+04
6.967000000000000000e+04
6.975600000000000000e+04
6.984000000000000000e+04
6.992200000000000000e+04
7.000000000000000000e+04
7.007500000000000000e+04
7.015000000000000000e+04
7.022200000000000000e+04
7.029200000000000000e+04
7.036100000000000000e+04
7.042800000000000000e+04
7.049500000000000000e+04
7.056000000000000000e+04
7.062500000000000000e+04
7.069000000000000000e+04
7.075300000000000000e+04
7.081700000000000000e+04
7.088100000000000000e+04
7.094400000000000000e+04
7.101000000000000000e+04
7.107500000000000000e+04
7.113800000000000000e+04
7.120000000000000000e+04
7.126000000000000000e+04
7.131900000000000000e+04
7.137700000000000000e+04
7.143600000000000000e+04
7.149300000000000000e+04
7.154900000000000000e+04
7.160500000000000000e+04
7.166200000000000000e+04
7.171900000000000000e+04
7.177500000000000000e+04
7.183300000000000000e+04
7.189000000000000000e+04
7.195100000000000000e+04
7.201100000000000000e+04
7.207300000000000000e+04
7.213500000000000000e+04
7.219800000000000000e+04
7.226300000000000000e+04
7.233000000000000000e+04
7.239800000000000000e+04
7.246600000000000000e+04
7.253600000000000000e+04
7.260600000000000000e+04
7.267600000000000000e+04
7.274700000000000000e+04
7.281900000000000000e+04
7.289000000000000000e+04
7.296300000000000000e+04
7.303500000000000000e+04
7.310400000000000000e+04
7.317000000000000000e+04
7.323400000000000000e+04
7.330000000000000000e+04
7.336500000000000000e+04
7.343200000000000000e+04
7.350100000000000000e+04
7.357100000000000000e+04
7.364400000000000000e+04
7.372000000000000000e+04
7.380000000000000000e+04
7.388400000000000000e+04
7.397300000000000000e+04
7.407000000000000000e+04
7.417100000000000000e+04
7.426800000000000000e+04
7.436400000000000000e+04
7.445700000000000000e+04
7.454900000000000000e+04
7.464000000000000000e+04
7.473100000000000000e+04
7.482500000000000000e+04
7.491900000000000000e+04
7.501900000000000000e+04
7.512000000000000000e+04
7.522600000000000000e+04
7.534000000000000000e+04
7.546700000000000000e+04
7.560300000000000000e+04
7.571900000000000000e+04
7.582400000000000000e+04
7.592100000000000000e+04
7.601000000000000000e+04
7.609500000000000000e+04
7.617200000000000000e+04
7.624700000000000000e+04
7.631700000000000000e+04
7.638700000000000000e+04
7.645300000000000000e+04
7.651700000000000000e+04
7.657900000000000000e+04
7.663900000000000000e+04
7.669700000000000000e+04
7.675600000000000000e+04
7.681300000000000000e+04
7.686900000000000000e+04
7.692500000000000000e+04
7.698100000000000000e+04
7.703600000000000000e+04
7.709000000000000000e+04
7.714500000000000000e+04
7.720000000000000000e+04
7.725600000000000000e+04
7.731200000000000000e+04
7.736900000000000000e+04
7.742500000000000000e+04
7.747900000000000000e+04
7.753300000000000000e+04
7.758600000000000000e+04
7.763800000000000000e+04
7.769100000000000000e+04
7.774300000000000000e+04
7.779500000000000000e+04
7.784700000000000000e+04
7.789900000000000000e+04
7.795200000000000000e+04
7.800600000000000000e+04
7.806000000000000000e+04
7.811500000000000000e+04
7.817000000000000000e+04
7.822700000000000000e+04
7.828500000000000000e+04
7.834400000000000000e+04
7.840200000000000000e+04
7.845900000000000000e+04
7.851400000000000000e+04
7.856800000000000000e+04
7.861900000000000000e+04
7.866800000000000000e+04
7.871700000000000000e+04
7.876600000000000000e+04
7.881300000000000000e+04
7.885700000000000000e+04
7.890200000000000000e+04
7.894500000000000000e+04
7.898800000000000000e+04
7.903100000000000000e+04
7.907400000000000000e+04
7.911700000000000000e+04
7.915900000000000000e+04
7.920100000000000000e+04
7.924400000000000000e+04
7.928700000000000000e+04
7.933000000000000000e+04
7.937300000000000000e+04
7.941600000000000000e+04
7.946000000000000000e+04
7.950400000000000000e+04
7.954900000000000000e+04
7.959400000000000000e+04
7.964100000000000000e+04
7.969000000000000000e+04
7.973900000000000000e+04
7.978900000000000000e+04
7.983900000000000000e+04
7.989200000000000000e+04
7.994500000000000000e+04
7.999700000000000000e+04
8.004900000000000000e+04
8.010200000000000000e+04
8.015400000000000000e+04
8.020600000000000000e+04
8.026000000000000000e+04
8.031400000000000000e+04
8.036900000000000000e+04
8.042700000000000000e+04
8.048500000000000000e+04
8.054700000000000000e+04
8.061200000000000000e+04
8.068000000000000000e+04
8.074900000000000000e+04
8.081700000000000000e+04
8.088400000000000000e+04
8.094900000000000000e+04
8.101400000000000000e+04
8.107700000000000000e+04
8.114000000000000000e+04
8.120200000000000000e+04
8.126400000000000000e+04
8.132600000000000000e+04
8.138800000000000000e+04
8.145100000000000000e+04
8.151400000000000000e+04
8.158000000000000000e+04
8.164900000000000000e+04
8.172000000000000000e+04
8.179400000000000000e+04
8.187000000000000000e+04
8.195000000000000000e+04
8.203400000000000000e+04
8.212100000000000000e+04
8.221400000000000000e+04
8.231000000000000000e+04
8.241400000000000000e+04
8.252300000000000000e+04
8.263300000000000000e+04
8.274400000000000000e+04
8.285300000000000000e+04
8.296500000000000000e+04
8.307600000000000000e+04
8.318700000000000000e+04
8.329700000000000000e+04
8.340800000000000000e+04
8.352100000000000000e+04
8.363300000000000000e+04
8.375000000000000000e+04
8.386800000000000000e+04
8.398700000000000000e+04
8.411100000000000000e+04
8.423500000000000000e+04
8.436000000000000000e+04
8.448600000000000000e+04
8.461300000000000000e+04
8.474100000000000000e+04
8.487600000000000000e+04
8.500300000000000000e+04
8.511700000000000000e+04
8.522000000000000000e+04
8.531900000000000000e+04
8.540900000000000000e+04
8.549400000000000000e+04
8.557200000000000000e+04
8.564500000000000000e+04
8.571500000000000000e+04
8.578100000000000000e+04
8.584200000000000000e+04
8.590100000000000000e+04
8.595600000000000000e+04
8.600900000000000000e+04
8.605900000000000000e+04
8.610700000000000000e+04
8.615300000000000000e+04
8.619800000000000000e+04
8.624000000000000000e+04
8.628100000000000000e+04
8.632000000000000000e+04
8.635800000000000000e+04
8.639500000000000000e+04
8.643100000000000000e+04
8.646600000000000000e+04
8.650000000000000000e+04
8.653300000000000000e+04
8.656500000000000000e+04
8.659600000000000000e+04
8.662600000000000000e+04
8.665600000000000000e+04
8.668500000000000000e+04
8.671400000000000000e+04
8.674200000000000000e+04
8.676900000000000000e+04
8.679600000000000000e+04
8.682300000000000000e+04
8.684900000000000000e+04
8.687500000000000000e+04
8.690100000000000000e+04
8.692700000000000000e+04
8.695300000000000000e+04
8.697800000000000000e+04
8.700300000000000000e+04
8.702800000000000000e+04
8.705300000000000000e+04
8.707800000000000000e+04
8.710300000000000000e+04
8.712700000000000000e+04
8.715100000000000000e+04
8.717500000000000000e+04
8.719900000000000000e+04
8.722200000000000000e+04
8.724500000000000000e+04
8.726800000000000000e+04
8.729100000000000000e+04
8.731300000000000000e+04
8.733500000000000000e+04
8.735700000000000000e+04
8.737900000000000000e+04
8.740100000000000000e+04
8.742300000000000000e+04
8.744500000000000000e+04
8.746700000000000000e+04
8.748900000000000000e+04
8.751100000000000000e+04
8.753300000000000000e+04
8.755500000000000000e+04
8.757700000000000000e+04
8.759900000000000000e+04
8.762200000000000000e+04
8.764500000000000000e+04
8.766900000000000000e+04
8.769300000000000000e+04
8.771700000000000000e+04
8.774200000000000000e+04
8.776700000000000000e+04
8.779200000000000000e+04
8.781700000000000000e+04
8.784300000000000000e+04
8.786900000000000000e+04
8.789600000000000000e+04
8.792300000000000000e+04
8.795100000000000000e+04
8.797900000000000000e+04
8.800700000000000000e+04
8.803700000000000000e+04
8.806700000000000000e+04
8.809700000000000000e+04
8.812800000000000000e+04
8.815900000000000000e+04
8.819000000000000000e+04
8.822200000000000000e+04
8.825400000000000000e+04
8.828600000000000000e+04
8.831900000000000000e+04
8.835200000000000000e+04
8.838500000000000000e+04
8.841900000000000000e+04
8.845200000000000000e+04
8.848600000000000000e+04
8.852000000000000000e+04
8.855300000000000000e+04
8.858700000000000000e+04
8.862100000000000000e+04
8.865600000000000000e+04
8.869100000000000000e+04
8.872700000000000000e+04
8.876300000000000000e+04
8.879900000000000000e+04
8.883600000000000000e+04
8.887400000000000000e+04
8.891200000000000000e+04
8.895000000000000000e+04
8.899000000000000000e+04
8.903000000000000000e+04
8.907100000000000000e+04
8.911300000000000000e+04
8.915600000000000000e+04
8.920100000000000000e+04
8.924700000000000000e+04
8.929500000000000000e+04
8.934400000000000000e+04
8.939500000000000000e+04
8.944900000000000000e+04
8.950500000000000000e+04
8.956300000000000000e+04
8.962500000000000000e+04
8.969100000000000000e+04
8.976300000000000000e+04
8.983800000000000000e+04
8.992100000000000000e+04
9.001200000000000000e+04
9.011000000000000000e+04
9.021500000000000000e+04
9.032700000000000000e+04
9.043800000000000000e+04
9.054600000000000000e+04
9.065300000000000000e+04
9.075200000000000000e+04
9.084700000000000000e+04
9.093800000000000000e+04
9.102800000000000000e+04
9.111500000000000000e+04
9.119800000000000000e+04
9.127800000000000000e+04
9.135600000000000000e+04
9.143200000000000000e+04
9.150600000000000000e+04
9.157800000000000000e+04
9.164900000000000000e+04
9.171800000000000000e+04
9.178500000000000000e+04
9.185100000000000000e+04
9.191600000000000000e+04
9.197900000000000000e+04
9.204000000000000000e+04
9.209800000000000000e+04
9.215300000000000000e+04
9.220700000000000000e+04
9.225800000000000000e+04
9.230800000000000000e+04
9.235600000000000000e+04
9.240200000000000000e+04
9.244800000000000000e+04
9.249200000000000000e+04
9.253600000000000000e+04
9.257800000000000000e+04
9.262000000000000000e+04
9.266200000000000000e+04
9.270200000000000000e+04
9.274200000000000000e+04
9.278200000000000000e+04
9.282200000000000000e+04
9.286200000000000000e+04
9.290200000000000000e+04
9.294100000000000000e+04
9.298100000000000000e+04
9.302100000000000000e+04
9.306100000000000000e+04
9.310100000000000000e+04
9.314100000000000000e+04
9.318200000000000000e+04
9.322300000000000000e+04
9.326400000000000000e+04
9.330300000000000000e+04
9.334100000000000000e+04
9.337900000000000000e+04
9.341600000000000000e+04
9.345300000000000000e+04
9.348900000000000000e+04
9.352500000000000000e+04
9.356000000000000000e+04
9.359500000000000000e+04
9.362900000000000000e+04
9.366300000000000000e+04
9.369700000000000000e+04
9.373000000000000000e+04
9.376300000000000000e+04
9.379500000000000000e+04
9.382700000000000000e+04
9.385800000000000000e+04
9.388900000000000000e+04
9.392000000000000000e+04
9.395000000000000000e+04
9.398000000000000000e+04
9.401000000000000000e+04
9.403900000000000000e+04
9.406700000000000000e+04
9.409600000000000000e+04
9.412400000000000000e+04
9.415100000000000000e+04
9.417800000000000000e+04
9.420500000000000000e+04
9.423200000000000000e+04
9.425900000000000000e+04
9.428600000000000000e+04
9.431200000000000000e+04
9.433800000000000000e+04
9.436400000000000000e+04
9.439000000000000000e+04
9.441600000000000000e+04
9.444200000000000000e+04
9.446800000000000000e+04
9.449400000000000000e+04
9.451900000000000000e+04
9.454500000000000000e+04
9.457000000000000000e+04
9.459500000000000000e+04
9.462000000000000000e+04
9.464600000000000000e+04
9.467200000000000000e+04
9.469800000000000000e+04
9.472400000000000000e+04
9.475000000000000000e+04
9.477700000000000000e+04
9.480400000000000000e+04
9.483200000000000000e+04
9.486000000000000000e+04
9.488900000000000000e+04
9.491800000000000000e+04
9.494800000000000000e+04
9.497700000000000000e+04
9.500600000000000000e+04
9.503500000000000000e+04
9.506300000000000000e+04
9.509100000000000000e+04
9.511900000000000000e+04
9.514600000000000000e+04
9.517300000000000000e+04
9.520000000000000000e+04
9.522700000000000000e+04
9.525300000000000000e+04
9.527900000000000000e+04
9.530500000000000000e+04
9.533100000000000000e+04
9.535700000000000000e+04
9.538200000000000000e+04
9.540700000000000000e+04
9.543200000000000000e+04
9.545700000000000000e+04
9.548200000000000000e+04
9.550600000000000000e+04
9.553000000000000000e+04
9.555400000000000000e+04
9.557800000000000000e+04
9.560100000000000000e+04
9.562300000000000000e+04
9.564500000000000000e+04
9.566700000000000000e+04
9.568800000000000000e+04
9.570900000000000000e+04
9.573000000000000000e+04
9.575100000000000000e+04
9.577200000000000000e+04
9.579300000000000000e+04
9.581300000000000000e+04
9.583300000000000000e+04
9.585400000000000000e+04
9.587500000000000000e+04
9.589600000000000000e+04
9.591700000000000000e+04
9.593800000000000000e+04
9.595900000000000000e+04
9.598000000000000000e+04
9.600200000000000000e+04
9.602400000000000000e+04
9.604600000000000000e+04
9.606800000000000000e+04
9.609000000000000000e+04
9.611200000000000000e+04
9.613400000000000000e+04
9.615600000000000000e+04
9.617800000000000000e+04
9.620000000000000000e+04
9.622100000000000000e+04
9.624200000000000000e+04
9.626300000000000000e+04
9.628400000000000000e+04
9.630400000000000000e+04
9.632400000000000000e+04
9.634400000000000000e+04
9.636400000000000000e+04
9.638300000000000000e+04
9.640200000000000000e+04
9.642000000000000000e+04
9.643800000000000000e+04
9.645500000000000000e+04
9.647200000000000000e+04
9.648800000000000000e+04
9.650400000000000000e+04
9.652000000000000000e+04
9.653500000000000000e+04
9.655000000000000000e+04
9.656500000000000000e+04
9.658000000000000000e+04
9.659500000000000000e+04
9.660900000000000000e+04
9.662300000000000000e+04
9.663700000000000000e+04
9.665100000000000000e+04
9.666500000000000000e+04
9.667900000000000000e+04
9.669300000000000000e+04
9.670700000000000000e+04
9.672000000000000000e+04
9.673300000000000000e+04
9.674600000000000000e+04
9.675900000000000000e+04
9.677200000000000000e+04
9.678500000000000000e+04
9.679800000000000000e+04
9.681100000000000000e+04
9.682400000000000000e+04
9.683700000000000000e+04
9.685000000000000000e+04
9.686300000000000000e+04
9.687700000000000000e+04
9.689100000000000000e+04
9.690500000000000000e+04
9.691900000000000000e+04
9.693300000000000000e+04
9.694700000000000000e+04
9.696100000000000000e+04
9.697500000000000000e+04
9.698900000000000000e+04
9.700300000000000000e+04
9.701700000000000000e+04
9.703200000000000000e+04
9.704700000000000000e+04
9.706200000000000000e+04
9.707700000000000000e+04
9.709200000000000000e+04
9.710800000000000000e+04
9.712400000000000000e+04
9.714000000000000000e+04
9.715600000000000000e+04
9.717200000000000000e+04
9.718900000000000000e+04
9.720600000000000000e+04
9.722300000000000000e+04
9.724000000000000000e+04
9.725800000000000000e+04
9.727600000000000000e+04
9.729400000000000000e+04
9.731200000000000000e+04
9.733100000000000000e+04
9.735000000000000000e+04
9.736900000000000000e+04
9.738900000000000000e+04
9.740900000000000000e+04
9.742900000000000000e+04
9.745000000000000000e+04
9.747100000000000000e+04
9.749200000000000000e+04
9.751300000000000000e+04
9.753500000000000000e+04
9.755700000000000000e+04
9.757900000000000000e+04
9.760200000000000000e+04
9.762500000000000000e+04
9.764800000000000000e+04
9.767200000000000000e+04
9.769600000000000000e+04
9.772000000000000000e+04
9.774500000000000000e+04
9.777000000000000000e+04
9.779500000000000000e+04
9.782100000000000000e+04
9.784800000000000000e+04
9.787500000000000000e+04
9.790200000000000000e+04
9.793000000000000000e+04
9.795900000000000000e+04
9.798800000000000000e+04
9.801800000000000000e+04
9.804900000000000000e+04
9.808100000000000000e+04
9.811200000000000000e+04
9.814300000000000000e+04
9.817300000000000000e+04
9.820300000000000000e+04
9.823300000000000000e+04
9.826300000000000000e+04
9.829300000000000000e+04
9.832300000000000000e+04
9.835300000000000000e+04
9.838300000000000000e+04
9.841300000000000000e+04
9.844400000000000000e+04
9.847500000000000000e+04
9.850700000000000000e+04
9.853900000000000000e+04
9.857100000000000000e+04
9.860400000000000000e+04
9.863700000000000000e+04
9.867100000000000000e+04
9.870500000000000000e+04
9.874000000000000000e+04
9.877500000000000000e+04
9.881200000000000000e+04
9.884900000000000000e+04
9.888700000000000000e+04
9.892600000000000000e+04
9.896600000000000000e+04
9.900800000000000000e+04
9.905000000000000000e+04
9.909400000000000000e+04
9.913900000000000000e+04
9.918400000000000000e+04
9.923100000000000000e+04
9.928000000000000000e+04
9.933000000000000000e+04
9.938100000000000000e+04
9.943400000000000000e+04
9.948900000000000000e+04
9.954200000000000000e+04
9.959300000000000000e+04
9.964300000000000000e+04
9.969100000000000000e+04
9.973700000000000000e+04
9.978300000000000000e+04
9.983000000000000000e+04
9.987600000000000000e+04
9.992100000000000000e+04
9.996700000000000000e+04
