1.700000000000000000e+01
3.300000000000000000e+01
4.900000000000000000e+01
6.600000000000000000e+01
8.300000000000000000e+01
1.010000000000000000e+02
1.190000000000000000e+02
1.370000000000000000e+02
1.560000000000000000e+02
1.750000000000000000e+02
1.950000000000000000e+02
2.150000000000000000e+02
2.360000000000000000e+02
2.570000000000000000e+02
2.790000000000000000e+02
3.020000000000000000e+02
3.260000000000000000e+02
3.500000000000000000e+02
3.750000000000000000e+02
4.010000000000000000e+02
4.280000000000000000e+02
4.560000000000000000e+02
4.850000000000000000e+02
5.150000000000000000e+02
5.470000000000000000e+02
5.800000000000000000e+02
6.140000000000000000e+02
6.510000000000000000e+02
6.890000000000000000e+02
7.290000000000000000e+02
7.700000000000000000e+02
8.120000000000000000e+02
8.550000000000000000e+02
9.000000000000000000e+02
9.460000000000000000e+02
9.940000000000000000e+02
1.043000000000000000e+03
1.093000000000000000e+03
1.145000000000000000e+03
1.198000000000000000e+03
1.252000000000000000e+03
1.307000000000000000e+03
1.362000000000000000e+03
1.419000000000000000e+03
1.476000000000000000e+03
1.533000000000000000e+03
1.589000000000000000e+03
1.645000000000000000e+03
1.699000000000000000e+03
1.751000000000000000e+03
1.801000000000000000e+03
1.849000000000000000e+03
1.896000000000000000e+03
1.942000000000000000e+03
1.986000000000000000e+03
2.029000000000000000e+03
2.071000000000000000e+03
2.112000000000000000e+03
2.152000000000000000e+03
2.192000000000000000e+03
2.231000000000000000e+03
2.269000000000000000e+03
2.307000000000000000e+03
2.344000000000000000e+03
2.380000000000000000e+03
2.416000000000000000e+03
2.450000000000000000e+03
2.484000000000000000e+03
2.517000000000000000e+03
2.550000000000000000e+03
2.583000000000000000e+03
2.615000000000000000e+03
2.647000000000000000e+03
2.678000000000000000e+03
2.709000000000000000e+03
2.740000000000000000e+03
2.771000000000000000e+03
2.801000000000000000e+03
2.831000000000000000e+03
2.861000000000000000e+03
2.890000000000000000e+03
2.919000000000000000e+03
2.948000000000000000e+03
2.976000000000000000e+03
3.004000000000000000e+03
3.032000000000000000e+03
3.060000000000000000e+03
3.087000000000000000e+03
3.114000000000000000e+03
3.142000000000000000e+03
3.169000000000000000e+03
3.196000000000000000e+03
3.223000000000000000e+03
3.250000000000000000e+03
3.277000000000000000e+03
3.303000000000000000e+03
3.330000000000000000e+03
3.356000000000000000e+03
3.382000000000000000e+03
3.408000000000000000e+03
3.434000000000000000e+03
3.460000000000000000e+03
3.486000000000000000e+03
3.512000000000000000e+03
3.538000000000000000e+03
3.564000000000000000e+03
3.590000000000000000e+03
3.616000000000000000e+03
3.642000000000000000e+03
3.668000000000000000e+03
3.694000000000000000e+03
3.720000000000000000e+03
3.746000000000000000e+03
3.772000000000000000e+03
3.798000000000000000e+03
3.824000000000000000e+03
3.850000000000000000e+03
3.876000000000000000e+03
3.902000000000000000e+03
3.928000000000000000e+03
3.954000000000000000e+03
3.980000000000000000e+03
4.006000000000000000e+03
4.032000000000000000e+03
4.058000000000000000e+03
4.084000000000000000e+03
4.111000000000000000e+03
4.138000000000000000e+03
4.165000000000000000e+03
4.192000000000000000e+03
4.219000000000000000e+03
4.246000000000000000e+03
4.273000000000000000e+03
4.300000000000000000e+03
4.327000000000000000e+03
4.354000000000000000e+03
4.381000000000000000e+03
4.408000000000000000e+03
4.435000000000000000e+03
4.462000000000000000e+03
4.489000000000000000e+03
4.516000000000000000e+03
4.543000000000000000e+03
4.571000000000000000e+03
4.599000000000000000e+03
4.626000000000000000e+03
4.653000000000000000e+03
4.681000000000000000e+03
4.708000000000000000e+03
4.736000000000000000e+03
4.763000000000000000e+03
4.791000000000000000e+03
4.819000000000000000e+03
4.847000000000000000e+03
4.875000000000000000e+03
4.902000000000000000e+03
4.930000000000000000e+03
4.957000000000000000e+03
4.985000000000000000e+03
5.013000000000000000e+03
5.041000000000000000e+03
5.069000000000000000e+03
5.097000000000000000e+03
5.125000000000000000e+03
5.153000000000000000e+03
5.181000000000000000e+03
5.209000000000000000e+03
5.237000000000000000e+03
5.265000000000000000e+03
5.293000000000000000e+03
5.321000000000000000e+03
5.350000000000000000e+03
5.378000000000000000e+03
5.407000000000000000e+03
5.436000000000000000e+03
5.465000000000000000e+03
5.494000000000000000e+03
5.523000000000000000e+03
5.552000000000000000e+03
5.581000000000000000e+03
5.610000000000000000e+03
5.638000000000000000e+03
5.666000000000000000e+03
5.694000000000000000e+03
5.722000000000000000e+03
5.750000000000000000e+03
5.778000000000000000e+03
5.806000000000000000e+03
5.834000000000000000e+03
5.862000000000000000e+03
5.890000000000000000e+03
5.918000000000000000e+03
5.946000000000000000e+03
5.974000000000000000e+03
6.002000000000000000e+03
6.030000000000000000e+03
6.058000000000000000e+03
6.086000000000000000e+03
6.114000000000000000e+03
6.142000000000000000e+03
6.170000000000000000e+03
6.198000000000000000e+03
6.226000000000000000e+03
6.254000000000000000e+03
6.282000000000000000e+03
6.310000000000000000e+03
6.338000000000000000e+03
6.366000000000000000e+03
6.394000000000000000e+03
6.422000000000000000e+03
6.450000000000000000e+03
6.478000000000000000e+03
6.506000000000000000e+03
6.534000000000000000e+03
6.562000000000000000e+03
6.590000000000000000e+03
6.618000000000000000e+03
6.646000000000000000e+03
6.674000000000000000e+03
6.702000000000000000e+03
6.730000000000000000e+03
6.758000000000000000e+03
6.786000000000000000e+03
6.814000000000000000e+03
6.842000000000000000e+03
6.870000000000000000e+03
6.898000000000000000e+03
6.926000000000000000e+03
6.954000000000000000e+03
6.982000000000000000e+03
7.010000000000000000e+03
7.038000000000000000e+03
7.066000000000000000e+03
7.094000000000000000e+03
7.122000000000000000e+03
7.150000000000000000e+03
7.178000000000000000e+03
7.206000000000000000e+03
7.234000000000000000e+03
7.262000000000000000e+03
7.290000000000000000e+03
7.318000000000000000e+03
7.346000000000000000e+03
7.374000000000000000e+03
7.402000000000000000e+03
7.430000000000000000e+03
7.458000000000000000e+03
7.486000000000000000e+03
7.514000000000000000e+03
7.542000000000000000e+03
7.570000000000000000e+03
7.598000000000000000e+03
7.626000000000000000e+03
7.654000000000000000e+03
7.682000000000000000e+03
7.710000000000000000e+03
7.738000000000000000e+03
7.766000000000000000e+03
7.795000000000000000e+03
7.824000000000000000e+03
7.853000000000000000e+03
7.882000000000000000e+03
7.911000000000000000e+03
7.940000000000000000e+03
7.969000000000000000e+03
7.999000000000000000e+03
8.029000000000000000e+03
8.059000000000000000e+03
8.089000000000000000e+03
8.119000000000000000e+03
8.150000000000000000e+03
8.181000000000000000e+03
8.213000000000000000e+03
8.245000000000000000e+03
8.277000000000000000e+03
8.309000000000000000e+03
8.342000000000000000e+03
8.375000000000000000e+03
8.409000000000000000e+03
8.443000000000000000e+03
8.478000000000000000e+03
8.513000000000000000e+03
8.548000000000000000e+03
8.585000000000000000e+03
8.622000000000000000e+03
8.660000000000000000e+03
8.698000000000000000e+03
8.737000000000000000e+03
8.776000000000000000e+03
8.816000000000000000e+03
8.857000000000000000e+03
8.898000000000000000e+03
8.938000000000000000e+03
8.977000000000000000e+03
9.016000000000000000e+03
9.054000000000000000e+03
9.091000000000000000e+03
9.127000000000000000e+03
9.162000000000000000e+03
9.196000000000000000e+03
9.229000000000000000e+03
9.261000000000000000e+03
9.292000000000000000e+03
9.322000000000000000e+03
9.352000000000000000e+03
9.381000000000000000e+03
9.409000000000000000e+03
9.437000000000000000e+03
9.465000000000000000e+03
9.492000000000000000e+03
9.519000000000000000e+03
9.545000000000000000e+03
9.571000000000000000e+03
9.597000000000000000e+03
9.622000000000000000e+03
9.647000000000000000e+03
9.672000000000000000e+03
9.697000000000000000e+03
9.721000000000000000e+03
9.745000000000000000e+03
9.769000000000000000e+03
9.793000000000000000e+03
9.817000000000000000e+03
9.840000000000000000e+03
9.863000000000000000e+03
9.886000000000000000e+03
9.909000000000000000e+03
9.932000000000000000e+03
9.955000000000000000e+03
9.978000000000000000e+03
1.000100000000000000e+04
1.002400000000000000e+04
1.004700000000000000e+04
1.007000000000000000e+04
1.009300000000000000e+04
1.011600000000000000e+04
1.013900000000000000e+04
1.016200000000000000e+04
1.018500000000000000e+04
1.020800000000000000e+04
1.023100000000000000e+04
1.025400000000000000e+04
1.027700000000000000e+04
1.030100000000000000e+04
1.032500000000000000e+04
1.034900000000000000e+04
1.037300000000000000e+04
1.039700000000000000e+04
1.042100000000000000e+04
1.044500000000000000e+04
1.047000000000000000e+04
1.049500000000000000e+04
1.052000000000000000e+04
1.054500000000000000e+04
1.057100000000000000e+04
1.059700000000000000e+04
1.062300000000000000e+04
1.065000000000000000e+04
1.067700000000000000e+04
1.070400000000000000e+04
1.073200000000000000e+04
1.076000000000000000e+04
1.078800000000000000e+04
1.081700000000000000e+04
1.084500000000000000e+04
1.087300000000000000e+04
1.090100000000000000e+04
1.092900000000000000e+04
1.095600000000000000e+04
1.098300000000000000e+04
1.101000000000000000e+04
1.103700000000000000e+04
1.106300000000000000e+04
1.108900000000000000e+04
1.111500000000000000e+04
1.114100000000000000e+04
1.116700000000000000e+04
1.119300000000000000e+04
1.121900000000000000e+04
1.124400000000000000e+04
1.126900000000000000e+04
1.129400000000000000e+04
1.131900000000000000e+04
1.134400000000000000e+04
1.136900000000000000e+04
1.139400000000000000e+04
1.141900000000000000e+04
1.144400000000000000e+04
1.146900000000000000e+04
1.149400000000000000e+04
1.151900000000000000e+04
1.154400000000000000e+04
1.156900000000000000e+04
1.159400000000000000e+04
1.161800000000000000e+04
1.164200000000000000e+04
1.166600000000000000e+04
1.169000000000000000e+04
1.171400000000000000e+04
1.173800000000000000e+04
1.176200000000000000e+04
1.178600000000000000e+04
1.181000000000000000e+04
1.183400000000000000e+04
1.185800000000000000e+04
1.188200000000000000e+04
1.190600000000000000e+04
1.193000000000000000e+04
1.195400000000000000e+04
1.197800000000000000e+04
1.200200000000000000e+04
1.202600000000000000e+04
1.205000000000000000e+04
1.207400000000000000e+04
1.209800000000000000e+04
1.212200000000000000e+04
1.214600000000000000e+04
1.217000000000000000e+04
1.219400000000000000e+04
1.221800000000000000e+04
1.224300000000000000e+04
1.226800000000000000e+04
1.229300000000000000e+04
1.231800000000000000e+04
1.234300000000000000e+04
1.236800000000000000e+04
1.239300000000000000e+04
1.241800000000000000e+04
1.244300000000000000e+04
1.246800000000000000e+04
1.249300000000000000e+04
1.251800000000000000e+04
1.254400000000000000e+04
1.257000000000000000e+04
1.259600000000000000e+04
1.262200000000000000e+04
1.264800000000000000e+04
1.267400000000000000e+04
1.270000000000000000e+04
1.272600000000000000e+04
1.275200000000000000e+04
1.277800000000000000e+04
1.280400000000000000e+04
1.283000000000000000e+04
1.285600000000000000e+04
1.288200000000000000e+04
1.290900000000000000e+04
1.293600000000000000e+04
1.296300000000000000e+04
1.299000000000000000e+04
1.301700000000000000e+04
1.304400000000000000e+04
1.307100000000000000e+04
1.309800000000000000e+04
1.312500000000000000e+04
1.315200000000000000e+04
1.317900000000000000e+04
1.320600000000000000e+04
1.323300000000000000e+04
1.326000000000000000e+04
1.328800000000000000e+04
1.331600000000000000e+04
1.334400000000000000e+04
1.337200000000000000e+04
1.340000000000000000e+04
1.342800000000000000e+04
1.345600000000000000e+04
1.348400000000000000e+04
1.351200000000000000e+04
1.354100000000000000e+04
1.357000000000000000e+04
1.359900000000000000e+04
1.362900000000000000e+04
1.365800000000000000e+04
1.368800000000000000e+04
1.371800000000000000e+04
1.374900000000000000e+04
1.378000000000000000e+04
1.381100000000000000e+04
1.384300000000000000e+04
1.387500000000000000e+04
1.390700000000000000e+04
1.394000000000000000e+04
1.397300000000000000e+04
1.400600000000000000e+04
1.404000000000000000e+04
1.407500000000000000e+04
1.411000000000000000e+04
1.414600000000000000e+04
1.418300000000000000e+04
1.422100000000000000e+04
1.425900000000000000e+04
1.429800000000000000e+04
1.433800000000000000e+04
1.437900000000000000e+04
1.442100000000000000e+04
1.446400000000000000e+04
1.450700000000000000e+04
1.455100000000000000e+04
1.459700000000000000e+04
1.464500000000000000e+04
1.469400000000000000e+04
1.474400000000000000e+04
1.479600000000000000e+04
1.484900000000000000e+04
1.490400000000000000e+04
1.496100000000000000e+04
1.502000000000000000e+04
1.508100000000000000e+04
1.514300000000000000e+04
1.520900000000000000e+04
1.527400000000000000e+04
1.533700000000000000e+04
1.540000000000000000e+04
1.546200000000000000e+04
1.552300000000000000e+04
1.558400000000000000e+04
1.564500000000000000e+04
1.570600000000000000e+04
1.576600000000000000e+04
1.582700000000000000e+04
1.588800000000000000e+04
1.595000000000000000e+04
1.601200000000000000e+04
1.607500000000000000e+04
1.613900000000000000e+04
1.620300000000000000e+04
1.626900000000000000e+04
1.633600000000000000e+04
1.640400000000000000e+04
1.647400000000000000e+04
1.654400000000000000e+04
1.661500000000000000e+04
1.668700000000000000e+04
1.676000000000000000e+04
1.683200000000000000e+04
1.690400000000000000e+04
1.697800000000000000e+04
1.705400000000000000e+04
1.712900000000000000e+04
1.720500000000000000e+04
1.728300000000000000e+04
1.736000000000000000e+04
1.743800000000000000e+04
1.751700000000000000e+04
1.759800000000000000e+04
1.767800000000000000e+04
1.776100000000000000e+04
1.784800000000000000e+04
1.793500000000000000e+04
1.802200000000000000e+04
1.811300000000000000e+04
1.820400000000000000e+04
1.829900000000000000e+04
1.839400000000000000e+04
1.848800000000000000e+04
1.858300000000000000e+04
1.867600000000000000e+04
1.876900000000000000e+04
1.886200000000000000e+04
1.895300000000000000e+04
1.904600000000000000e+04
1.913700000000000000e+04
1.922800000000000000e+04
1.931800000000000000e+04
1.940300000000000000e+04
1.948300000000000000e+04
1.956100000000000000e+04
1.963300000000000000e+04
1.970200000000000000e+04
1.976900000000000000e+04
1.983400000000000000e+04
1.989600000000000000e+04
1.995500000000000000e+04
2.001300000000000000e+04
2.007000000000000000e+04
2.012500000000000000e+04
2.017800000000000000e+04
2.023000000000000000e+04
2.028100000000000000e+04
2.033100000000000000e+04
2.038100000000000000e+04
2.043000000000000000e+04
2.047700000000000000e+04
2.052400000000000000e+04
2.057000000000000000e+04
2.061600000000000000e+04
2.066100000000000000e+04
2.070500000000000000e+04
2.074800000000000000e+04
2.079100000000000000e+04
2.083400000000000000e+04
2.087600000000000000e+04
2.091700000000000000e+04
2.095800000000000000e+04
2.099900000000000000e+04
2.104000000000000000e+04
2.107900000000000000e+04
2.111800000000000000e+04
2.115700000000000000e+04
2.119500000000000000e+04
2.123300000000000000e+04
2.127000000000000000e+04
2.130700000000000000e+04
2.134400000000000000e+04
2.138100000000000000e+04
2.141700000000000000e+04
2.145200000000000000e+04
2.148700000000000000e+04
2.152200000000000000e+04
2.155700000000000000e+04
2.159200000000000000e+04
2.162600000000000000e+04
2.165900000000000000e+04
2.169200000000000000e+04
2.172500000000000000e+04
2.175800000000000000e+04
2.179100000000000000e+04
2.182400000000000000e+04
2.185600000000000000e+04
2.188800000000000000e+04
2.192000000000000000e+04
2.195200000000000000e+04
2.198400000000000000e+04
2.201500000000000000e+04
2.204600000000000000e+04
2.207700000000000000e+04
2.210800000000000000e+04
2.213900000000000000e+04
2.217000000000000000e+04
2.220100000000000000e+04
2.223200000000000000e+04
2.226300000000000000e+04
2.229400000000000000e+04
2.232500000000000000e+04
2.235500000000000000e+04
2.238500000000000000e+04
2.241500000000000000e+04
2.244400000000000000e+04
2.247300000000000000e+04
2.250200000000000000e+04
2.253100000000000000e+04
2.256000000000000000e+04
2.258900000000000000e+04
2.261800000000000000e+04
2.264600000000000000e+04
2.267400000000000000e+04
2.270200000000000000e+04
2.273100000000000000e+04
2.276000000000000000e+04
2.278900000000000000e+04
2.281800000000000000e+04
2.284700000000000000e+04
2.287600000000000000e+04
2.290500000000000000e+04
2.293500000000000000e+04
2.296500000000000000e+04
2.299500000000000000e+04
2.302600000000000000e+04
2.305700000000000000e+04
2.308900000000000000e+04
2.312100000000000000e+04
2.315400000000000000e+04
2.318800000000000000e+04
2.322200000000000000e+04
2.325700000000000000e+04
2.329300000000000000e+04
2.332900000000000000e+04
2.336600000000000000e+04
2.340400000000000000e+04
2.344300000000000000e+04
2.348200000000000000e+04
2.352300000000000000e+04
2.356500000000000000e+04
2.360700000000000000e+04
2.364900000000000000e+04
2.369000000000000000e+04
2.373000000000000000e+04
2.377000000000000000e+04
2.381000000000000000e+04
2.384900000000000000e+04
2.388800000000000000e+04
2.392700000000000000e+04
2.396600000000000000e+04
2.400500000000000000e+04
2.404400000000000000e+04
2.408200000000000000e+04
2.412100000000000000e+04
2.416000000000000000e+04
2.419800000000000000e+04
2.423700000000000000e+04
2.427600000000000000e+04
2.431500000000000000e+04
2.435300000000000000e+04
2.439000000000000000e+04
2.442600000000000000e+04
2.446100000000000000e+04
2.449500000000000000e+04
2.452900000000000000e+04
2.456200000000000000e+04
2.459500000000000000e+04
2.462800000000000000e+04
2.466000000000000000e+04
2.469100000000000000e+04
2.472200000000000000e+04
2.475300000000000000e+04
2.478400000000000000e+04
2.481400000000000000e+04
2.484400000000000000e+04
2.487400000000000000e+04
2.490400000000000000e+04
2.493400000000000000e+04
2.496400000000000000e+04
2.499400000000000000e+04
2.502400000000000000e+04
2.505400000000000000e+04
2.508400000000000000e+04
2.511400000000000000e+04
2.514400000000000000e+04
2.517400000000000000e+04
2.520400000000000000e+04
2.523400000000000000e+04
2.526400000000000000e+04
2.529400000000000000e+04
2.532500000000000000e+04
2.535600000000000000e+04
2.538700000000000000e+04
2.541800000000000000e+04
2.545000000000000000e+04
2.548200000000000000e+04
2.551500000000000000e+04
2.554800000000000000e+04
2.558200000000000000e+04
2.561600000000000000e+04
2.565100000000000000e+04
2.568700000000000000e+04
2.572400000000000000e+04
2.576200000000000000e+04
2.580100000000000000e+04
2.584000000000000000e+04
2.587800000000000000e+04
2.591600000000000000e+04
2.595500000000000000e+04
2.599300000000000000e+04
2.603200000000000000e+04
2.607100000000000000e+04
2.611000000000000000e+04
2.615000000000000000e+04
2.619000000000000000e+04
2.623100000000000000e+04
2.627300000000000000e+04
2.631500000000000000e+04
2.635700000000000000e+04
2.640000000000000000e+04
2.644400000000000000e+04
2.648800000000000000e+04
2.653300000000000000e+04
2.657900000000000000e+04
2.662500000000000000e+04
2.667100000000000000e+04
2.671700000000000000e+04
2.676300000000000000e+04
2.680800000000000000e+04
2.685300000000000000e+04
2.689900000000000000e+04
2.694400000000000000e+04
2.699000000000000000e+04
2.703700000000000000e+04
2.708300000000000000e+04
2.712900000000000000e+04
2.717500000000000000e+04
2.722100000000000000e+04
2.726600000000000000e+04
2.731000000000000000e+04
2.735400000000000000e+04
2.739700000000000000e+04
2.744000000000000000e+04
2.748200000000000000e+04
2.752300000000000000e+04
2.756300000000000000e+04
2.760300000000000000e+04
2.764200000000000000e+04
2.768100000000000000e+04
2.771900000000000000e+04
2.775600000000000000e+04
2.779200000000000000e+04
2.782800000000000000e+04
2.786400000000000000e+04
2.789900000000000000e+04
2.793400000000000000e+04
2.796900000000000000e+04
2.800400000000000000e+04
2.803900000000000000e+04
2.807300000000000000e+04
2.810700000000000000e+04
2.814100000000000000e+04
2.817500000000000000e+04
2.820900000000000000e+04
2.824300000000000000e+04
2.827700000000000000e+04
2.831100000000000000e+04
2.834500000000000000e+04
2.837900000000000000e+04
2.841300000000000000e+04
2.844700000000000000e+04
2.848100000000000000e+04
2.851500000000000000e+04
2.854900000000000000e+04
2.858400000000000000e+04
2.861900000000000000e+04
2.865400000000000000e+04
2.868900000000000000e+04
2.872400000000000000e+04
2.875900000000000000e+04
2.879500000000000000e+04
2.883000000000000000e+04
2.886500000000000000e+04
2.890000000000000000e+04
2.893500000000000000e+04
2.896900000000000000e+04
2.900300000000000000e+04
2.903700000000000000e+04
2.907100000000000000e+04
2.910400000000000000e+04
2.913700000000000000e+04
2.917000000000000000e+04
2.920200000000000000e+04
2.923400000000000000e+04
2.926600000000000000e+04
2.929700000000000000e+04
2.932800000000000000e+04
2.935900000000000000e+04
2.938900000000000000e+04
2.941900000000000000e+04
2.944800000000000000e+04
2.947700000000000000e+04
2.950600000000000000e+04
2.953400000000000000e+04
2.956200000000000000e+04
2.959000000000000000e+04
2.961700000000000000e+04
2.964400000000000000e+04
2.967100000000000000e+04
2.969700000000000000e+04
2.972300000000000000e+04
2.974900000000000000e+04
2.977500000000000000e+04
2.980000000000000000e+04
2.982500000000000000e+04
2.985000000000000000e+04
2.987500000000000000e+04
2.990000000000000000e+04
2.992400000000000000e+04
2.994800000000000000e+04
2.997200000000000000e+04
2.999600000000000000e+04
3.002000000000000000e+04
3.004400000000000000e+04
3.006800000000000000e+04
3.009200000000000000e+04
3.011600000000000000e+04
3.014000000000000000e+04
3.016400000000000000e+04
3.018800000000000000e+04
3.021200000000000000e+04
3.023600000000000000e+04
3.025900000000000000e+04
3.028200000000000000e+04
3.030500000000000000e+04
3.032800000000000000e+04
3.035100000000000000e+04
3.037300000000000000e+04
3.039500000000000000e+04
3.041700000000000000e+04
3.043900000000000000e+04
3.046100000000000000e+04
3.048300000000000000e+04
3.050500000000000000e+04
3.052700000000000000e+04
3.054900000000000000e+04
3.057100000000000000e+04
3.059300000000000000e+04
3.061500000000000000e+04
3.063700000000000000e+04
3.065900000000000000e+04
3.068100000000000000e+04
3.070300000000000000e+04
3.072500000000000000e+04
3.074700000000000000e+04
3.077000000000000000e+04
3.079300000000000000e+04
3.081600000000000000e+04
3.083900000000000000e+04
3.086200000000000000e+04
3.088600000000000000e+04
3.091000000000000000e+04
3.093400000000000000e+04
3.095900000000000000e+04
3.098400000000000000e+04
3.100900000000000000e+04
3.103500000000000000e+04
3.106100000000000000e+04
3.108800000000000000e+04
3.111500000000000000e+04
3.114300000000000000e+04
3.117100000000000000e+04
3.120000000000000000e+04
3.123000000000000000e+04
3.126000000000000000e+04
3.129100000000000000e+04
3.132200000000000000e+04
3.135400000000000000e+04
3.138700000000000000e+04
3.142100000000000000e+04
3.145500000000000000e+04
3.149100000000000000e+04
3.152800000000000000e+04
3.156600000000000000e+04
3.160600000000000000e+04
3.164700000000000000e+04
3.168900000000000000e+04
3.173100000000000000e+04
3.177300000000000000e+04
3.181400000000000000e+04
3.185500000000000000e+04
3.189600000000000000e+04
3.193600000000000000e+04
3.197600000000000000e+04
3.201600000000000000e+04
3.205500000000000000e+04
3.209400000000000000e+04
3.213200000000000000e+04
3.217000000000000000e+04
3.220800000000000000e+04
3.224500000000000000e+04
3.228100000000000000e+04
3.231700000000000000e+04
3.235300000000000000e+04
3.238800000000000000e+04
3.242300000000000000e+04
3.245800000000000000e+04
3.249200000000000000e+04
3.252500000000000000e+04
3.255800000000000000e+04
3.259100000000000000e+04
3.262300000000000000e+04
3.265500000000000000e+04
3.268600000000000000e+04
3.271700000000000000e+04
3.274800000000000000e+04
3.277800000000000000e+04
3.280800000000000000e+04
3.283800000000000000e+04
3.286700000000000000e+04
3.289600000000000000e+04
3.292500000000000000e+04
3.295400000000000000e+04
3.298200000000000000e+04
3.301000000000000000e+04
3.303800000000000000e+04
3.306600000000000000e+04
3.309400000000000000e+04
3.312100000000000000e+04
3.314900000000000000e+04
3.317600000000000000e+04
3.320300000000000000e+04
3.323000000000000000e+04
3.325700000000000000e+04
3.328500000000000000e+04
3.331300000000000000e+04
3.334100000000000000e+04
3.336900000000000000e+04
3.339700000000000000e+04
3.342500000000000000e+04
3.345300000000000000e+04
3.348100000000000000e+04
3.351000000000000000e+04
3.353900000000000000e+04
3.356800000000000000e+04
3.359700000000000000e+04
3.362600000000000000e+04
3.365600000000000000e+04
3.368600000000000000e+04
3.371600000000000000e+04
3.374700000000000000e+04
3.377800000000000000e+04
3.380900000000000000e+04
3.384000000000000000e+04
3.387100000000000000e+04
3.390200000000000000e+04
3.393200000000000000e+04
3.396200000000000000e+04
3.399200000000000000e+04
3.402200000000000000e+04
3.405200000000000000e+04
3.408100000000000000e+04
3.411000000000000000e+04
3.413900000000000000e+04
3.416800000000000000e+04
3.419700000000000000e+04
3.422600000000000000e+04
3.425500000000000000e+04
3.428300000000000000e+04
3.431200000000000000e+04
3.434000000000000000e+04
3.436900000000000000e+04
3.439700000000000000e+04
3.442500000000000000e+04
3.445300000000000000e+04
3.448000000000000000e+04
3.450700000000000000e+04
3.453400000000000000e+04
3.456100000000000000e+04
3.458800000000000000e+04
3.461500000000000000e+04
3.464100000000000000e+04
3.466700000000000000e+04
3.469300000000000000e+04
3.471900000000000000e+04
3.474500000000000000e+04
3.477100000000000000e+04
3.479700000000000000e+04
3.482300000000000000e+04
3.484900000000000000e+04
3.487500000000000000e+04
3.490100000000000000e+04
3.492700000000000000e+04
3.495300000000000000e+04
3.497900000000000000e+04
3.500500000000000000e+04
3.503100000000000000e+04
3.505700000000000000e+04
3.508300000000000000e+04
3.510900000000000000e+04
3.513500000000000000e+04
3.516200000000000000e+04
3.518900000000000000e+04
3.521600000000000000e+04
3.524300000000000000e+04
3.527000000000000000e+04
3.529700000000000000e+04
3.532400000000000000e+04
3.535100000000000000e+04
3.537800000000000000e+04
3.540500000000000000e+04
3.543200000000000000e+04
3.545900000000000000e+04
3.548600000000000000e+04
3.551300000000000000e+04
3.554000000000000000e+04
3.556700000000000000e+04
3.559400000000000000e+04
3.562100000000000000e+04
3.564700000000000000e+04
3.567300000000000000e+04
3.569900000000000000e+04
3.572500000000000000e+04
3.575100000000000000e+04
3.577700000000000000e+04
3.580300000000000000e+04
3.582900000000000000e+04
3.585500000000000000e+04
3.588100000000000000e+04
3.590700000000000000e+04
3.593300000000000000e+04
3.595900000000000000e+04
3.598500000000000000e+04
3.601100000000000000e+04
3.603700000000000000e+04
3.606300000000000000e+04
3.608900000000000000e+04
3.611600000000000000e+04
3.614200000000000000e+04
3.616800000000000000e+04
3.619400000000000000e+04
3.622000000000000000e+04
3.624600000000000000e+04
3.627200000000000000e+04
3.629800000000000000e+04
3.632400000000000000e+04
3.635000000000000000e+04
3.637600000000000000e+04
3.640100000000000000e+04
3.642600000000000000e+04
3.645100000000000000e+04
3.647700000000000000e+04
3.650300000000000000e+04
3.652900000000000000e+04
3.655400000000000000e+04
3.658000000000000000e+04
3.660600000000000000e+04
3.663200000000000000e+04
3.665800000000000000e+04
3.668400000000000000e+04
3.671000000000000000e+04
3.673600000000000000e+04
3.676200000000000000e+04
3.678800000000000000e+04
3.681500000000000000e+04
3.684200000000000000e+04
3.686900000000000000e+04
3.689600000000000000e+04
3.692300000000000000e+04
3.695000000000000000e+04
3.697700000000000000e+04
3.700400000000000000e+04
3.703200000000000000e+04
3.706000000000000000e+04
3.708800000000000000e+04
3.711600000000000000e+04
3.714500000000000000e+04
3.717400000000000000e+04
3.720300000000000000e+04
3.723300000000000000e+04
3.726300000000000000e+04
3.729300000000000000e+04
3.732300000000000000e+04
3.735400000000000000e+04
3.738500000000000000e+04
3.741600000000000000e+04
3.744800000000000000e+04
3.748000000000000000e+04
3.751200000000000000e+04
3.754400000000000000e+04
3.757600000000000000e+04
3.760900000000000000e+04
3.764300000000000000e+04
3.767700000000000000e+04
3.771100000000000000e+04
3.774500000000000000e+04
3.778000000000000000e+04
3.781600000000000000e+04
3.785200000000000000e+04
3.788700000000000000e+04
3.792100000000000000e+04
3.795400000000000000e+04
3.798600000000000000e+04
3.801800000000000000e+04
3.804900000000000000e+04
3.808000000000000000e+04
3.811100000000000000e+04
3.814100000000000000e+04
3.817000000000000000e+04
3.819900000000000000e+04
3.822800000000000000e+04
3.825700000000000000e+04
3.828600000000000000e+04
3.831500000000000000e+04
3.834400000000000000e+04
3.837200000000000000e+04
3.840100000000000000e+04
3.843000000000000000e+04
3.845800000000000000e+04
3.848600000000000000e+04
3.851400000000000000e+04
3.854200000000000000e+04
3.857000000000000000e+04
3.859800000000000000e+04
3.862600000000000000e+04
3.865400000000000000e+04
3.868200000000000000e+04
3.871000000000000000e+04
3.873800000000000000e+04
3.876600000000000000e+04
3.879400000000000000e+04
3.882300000000000000e+04
3.885200000000000000e+04
3.888100000000000000e+04
3.891000000000000000e+04
3.893900000000000000e+04
3.896800000000000000e+04
3.899800000000000000e+04
3.902800000000000000e+04
3.905800000000000000e+04
3.908800000000000000e+04
3.911900000000000000e+04
3.915000000000000000e+04
3.918200000000000000e+04
3.921400000000000000e+04
3.924600000000000000e+04
3.927900000000000000e+04
3.931300000000000000e+04
3.934600000000000000e+04
3.937900000000000000e+04
3.941100000000000000e+04
3.944300000000000000e+04
3.947400000000000000e+04
3.950500000000000000e+04
3.953600000000000000e+04
3.956600000000000000e+04
3.959600000000000000e+04
3.962600000000000000e+04
3.965600000000000000e+04
3.968600000000000000e+04
3.971500000000000000e+04
3.974400000000000000e+04
3.977300000000000000e+04
3.980200000000000000e+04
3.983100000000000000e+04
3.986000000000000000e+04
3.988900000000000000e+04
3.991800000000000000e+04
3.994700000000000000e+04
3.997600000000000000e+04
4.000500000000000000e+04
4.003400000000000000e+04
4.006400000000000000e+04
4.009400000000000000e+04
4.012300000000000000e+04
4.015200000000000000e+04
4.018100000000000000e+04
4.021000000000000000e+04
4.023900000000000000e+04
4.026900000000000000e+04
4.029900000000000000e+04
4.032900000000000000e+04
4.035900000000000000e+04
4.038900000000000000e+04
4.041900000000000000e+04
4.044900000000000000e+04
4.048000000000000000e+04
4.051100000000000000e+04
4.054100000000000000e+04
4.057100000000000000e+04
4.060100000000000000e+04
4.063100000000000000e+04
4.066100000000000000e+04
4.069100000000000000e+04
4.072000000000000000e+04
4.074900000000000000e+04
4.077800000000000000e+04
4.080700000000000000e+04
4.083600000000000000e+04
4.086400000000000000e+04
4.089200000000000000e+04
4.092000000000000000e+04
4.094700000000000000e+04
4.097400000000000000e+04
4.100100000000000000e+04
4.102700000000000000e+04
4.105300000000000000e+04
4.107900000000000000e+04
4.110500000000000000e+04
4.113000000000000000e+04
4.115500000000000000e+04
4.118000000000000000e+04
4.120500000000000000e+04
4.122900000000000000e+04
4.125300000000000000e+04
4.127700000000000000e+04
4.130100000000000000e+04
4.132500000000000000e+04
4.134900000000000000e+04
4.137300000000000000e+04
4.139600000000000000e+04
4.141900000000000000e+04
4.144200000000000000e+04
4.146500000000000000e+04
4.148800000000000000e+04
4.151100000000000000e+04
4.153400000000000000e+04
4.155700000000000000e+04
4.158000000000000000e+04
4.160300000000000000e+04
4.162500000000000000e+04
4.164700000000000000e+04
4.166900000000000000e+04
4.169100000000000000e+04
4.171300000000000000e+04
4.173400000000000000e+04
4.175500000000000000e+04
4.177600000000000000e+04
4.179700000000000000e+04
4.181800000000000000e+04
4.183900000000000000e+04
4.186000000000000000e+04
4.188000000000000000e+04
4.190100000000000000e+04
4.192100000000000000e+04
4.194100000000000000e+04
4.196100000000000000e+04
4.198100000000000000e+04
4.200100000000000000e+04
4.202100000000000000e+04
4.204100000000000000e+04
4.206100000000000000e+04
4.208000000000000000e+04
4.209900000000000000e+04
4.211800000000000000e+04
4.213700000000000000e+04
4.215600000000000000e+04
4.217500000000000000e+04
4.219400000000000000e+04
4.221300000000000000e+04
4.223200000000000000e+04
4.225100000000000000e+04
4.227000000000000000e+04
4.228900000000000000e+04
4.230800000000000000e+04
4.232700000000000000e+04
4.234600000000000000e+04
4.236500000000000000e+04
4.238400000000000000e+04
4.240300000000000000e+04
4.242100000000000000e+04
4.244000000000000000e+04
4.245900000000000000e+04
4.247700000000000000e+04
4.249500000000000000e+04
4.251300000000000000e+04
4.253100000000000000e+04
4.254900000000000000e+04
4.256700000000000000e+04
4.258500000000000000e+04
4.260300000000000000e+04
4.262100000000000000e+04
4.263900000000000000e+04
4.265700000000000000e+04
4.267500000000000000e+04
4.269300000000000000e+04
4.271100000000000000e+04
4.272900000000000000e+04
4.274700000000000000e+04
4.276500000000000000e+04
4.278300000000000000e+04
4.280100000000000000e+04
4.281900000000000000e+04
4.283700000000000000e+04
4.285500000000000000e+04
4.287300000000000000e+04
4.289100000000000000e+04
4.290900000000000000e+04
4.292700000000000000e+04
4.294500000000000000e+04
4.296300000000000000e+04
4.298100000000000000e+04
4.299900000000000000e+04
4.301700000000000000e+04
4.303500000000000000e+04
4.305300000000000000e+04
4.307100000000000000e+04
4.308900000000000000e+04
4.310700000000000000e+04
4.312500000000000000e+04
4.314400000000000000e+04
4.316300000000000000e+04
4.318200000000000000e+04
4.320100000000000000e+04
4.322000000000000000e+04
4.323900000000000000e+04
4.325800000000000000e+04
4.327700000000000000e+04
4.329600000000000000e+04
4.331500000000000000e+04
4.333500000000000000e+04
4.335500000000000000e+04
4.337500000000000000e+04
4.339500000000000000e+04
4.341500000000000000e+04
4.343600000000000000e+04
4.345700000000000000e+04
4.347800000000000000e+04
4.349900000000000000e+04
4.352100000000000000e+04
4.354300000000000000e+04
4.356500000000000000e+04
4.358700000000000000e+04
4.361000000000000000e+04
4.363300000000000000e+04
4.365700000000000000e+04
4.368100000000000000e+04
4.370500000000000000e+04
4.373000000000000000e+04
4.375500000000000000e+04
4.378100000000000000e+04
4.380700000000000000e+04
4.383400000000000000e+04
4.386100000000000000e+04
4.388900000000000000e+04
4.391800000000000000e+04
4.394700000000000000e+04
4.397700000000000000e+04
4.400800000000000000e+04
4.404000000000000000e+04
4.407300000000000000e+04
4.410600000000000000e+04
4.414000000000000000e+04
4.417400000000000000e+04
4.420800000000000000e+04
4.424200000000000000e+04
4.427700000000000000e+04
4.431200000000000000e+04
4.434700000000000000e+04
4.438200000000000000e+04
4.441700000000000000e+04
4.445200000000000000e+04
4.448700000000000000e+04
4.452200000000000000e+04
4.455700000000000000e+04
4.459200000000000000e+04
4.462700000000000000e+04
4.466200000000000000e+04
4.469800000000000000e+04
4.473400000000000000e+04
4.477000000000000000e+04
4.480600000000000000e+04
4.484200000000000000e+04
4.487800000000000000e+04
4.491400000000000000e+04
4.495100000000000000e+04
4.498800000000000000e+04
4.502400000000000000e+04
4.506000000000000000e+04
4.509600000000000000e+04
4.513200000000000000e+04
4.516800000000000000e+04
4.520400000000000000e+04
4.524000000000000000e+04
4.527600000000000000e+04
4.531200000000000000e+04
4.534800000000000000e+04
4.538300000000000000e+04
4.541900000000000000e+04
4.545500000000000000e+04
4.549100000000000000e+04
4.552700000000000000e+04
4.556300000000000000e+04
4.559800000000000000e+04
4.563400000000000000e+04
4.567000000000000000e+04
4.570500000000000000e+04
4.573900000000000000e+04
4.577200000000000000e+04
4.580400000000000000e+04
4.583500000000000000e+04
4.586600000000000000e+04
4.589600000000000000e+04
4.592500000000000000e+04
4.595300000000000000e+04
4.598000000000000000e+04
4.600700000000000000e+04
4.603300000000000000e+04
4.605900000000000000e+04
4.608400000000000000e+04
4.610900000000000000e+04
4.613300000000000000e+04
4.615700000000000000e+04
4.618100000000000000e+04
4.620400000000000000e+04
4.622700000000000000e+04
4.625000000000000000e+04
4.627300000000000000e+04
4.629500000000000000e+04
4.631700000000000000e+04
4.633900000000000000e+04
4.636100000000000000e+04
4.638300000000000000e+04
4.640500000000000000e+04
4.642700000000000000e+04
4.644900000000000000e+04
4.647100000000000000e+04
4.649300000000000000e+04
4.651500000000000000e+04
4.653700000000000000e+04
4.655900000000000000e+04
4.658100000000000000e+04
4.660300000000000000e+04
4.662500000000000000e+04
4.664700000000000000e+04
4.666900000000000000e+04
4.669100000000000000e+04
4.671300000000000000e+04
4.673500000000000000e+04
4.675800000000000000e+04
4.678100000000000000e+04
4.680400000000000000e+04
4.682700000000000000e+04
4.685000000000000000e+04
4.687300000000000000e+04
4.689700000000000000e+04
4.692100000000000000e+04
4.694500000000000000e+04
4.696900000000000000e+04
4.699400000000000000e+04
4.701900000000000000e+04
4.704400000000000000e+04
4.707000000000000000e+04
4.709600000000000000e+04
4.712200000000000000e+04
4.714800000000000000e+04
4.717500000000000000e+04
4.720200000000000000e+04
4.722900000000000000e+04
4.725700000000000000e+04
4.728500000000000000e+04
4.731400000000000000e+04
4.734300000000000000e+04
4.737200000000000000e+04
4.740200000000000000e+04
4.743200000000000000e+04
4.746300000000000000e+04
4.749400000000000000e+04
4.752500000000000000e+04
4.755600000000000000e+04
4.758700000000000000e+04
4.761800000000000000e+04
4.764900000000000000e+04
4.768000000000000000e+04
4.771200000000000000e+04
4.774400000000000000e+04
4.777600000000000000e+04
4.780800000000000000e+04
4.784100000000000000e+04
4.787300000000000000e+04
4.790600000000000000e+04
4.793900000000000000e+04
4.797200000000000000e+04
4.800500000000000000e+04
4.803800000000000000e+04
4.807200000000000000e+04
4.810600000000000000e+04
4.814000000000000000e+04
4.817400000000000000e+04
4.820800000000000000e+04
4.824200000000000000e+04
4.827600000000000000e+04
4.831000000000000000e+04
4.834300000000000000e+04
4.837600000000000000e+04
4.841000000000000000e+04
4.844300000000000000e+04
4.847600000000000000e+04
4.850900000000000000e+04
4.854200000000000000e+04
4.857600000000000000e+04
4.860900000000000000e+04
4.864300000000000000e+04
4.867700000000000000e+04
4.871100000000000000e+04
4.874500000000000000e+04
4.877900000000000000e+04
4.881300000000000000e+04
4.884700000000000000e+04
4.888200000000000000e+04
4.891700000000000000e+04
4.895200000000000000e+04
4.898700000000000000e+04
4.902300000000000000e+04
4.905900000000000000e+04
4.909600000000000000e+04
4.913300000000000000e+04
4.917000000000000000e+04
4.920800000000000000e+04
4.924700000000000000e+04
4.928600000000000000e+04
4.932600000000000000e+04
4.936600000000000000e+04
4.940700000000000000e+04
4.944900000000000000e+04
4.949100000000000000e+04
4.953500000000000000e+04
4.958000000000000000e+04
4.962600000000000000e+04
4.967100000000000000e+04
4.971600000000000000e+04
4.976000000000000000e+04
4.980300000000000000e+04
4.984600000000000000e+04
4.988900000000000000e+04
4.993200000000000000e+04
4.997400000000000000e+04
5.001500000000000000e+04
5.005600000000000000e+04
5.009600000000000000e+04
5.013600000000000000e+04
5.017600000000000000e+04
5.021600000000000000e+04
5.025500000000000000e+04
5.029300000000000000e+04
5.033100000000000000e+04
5.036900000000000000e+04
5.040700000000000000e+04
5.044400000000000000e+04
5.048100000000000000e+04
5.051800000000000000e+04
5.055400000000000000e+04
5.059000000000000000e+04
5.062600000000000000e+04
5.066100000000000000e+04
5.069600000000000000e+04
5.073000000000000000e+04
5.076400000000000000e+04
5.079800000000000000e+04
5.083200000000000000e+04
5.086500000000000000e+04
5.089800000000000000e+04
5.093100000000000000e+04
5.096300000000000000e+04
5.099500000000000000e+04
5.102700000000000000e+04
5.105800000000000000e+04
5.108900000000000000e+04
5.112000000000000000e+04
5.115000000000000000e+04
5.118000000000000000e+04
5.121000000000000000e+04
5.123900000000000000e+04
5.126800000000000000e+04
5.129700000000000000e+04
5.132600000000000000e+04
5.135400000000000000e+04
5.138200000000000000e+04
5.141000000000000000e+04
5.143800000000000000e+04
5.146500000000000000e+04
5.149200000000000000e+04
5.151900000000000000e+04
5.154600000000000000e+04
5.157300000000000000e+04
5.159900000000000000e+04
5.162500000000000000e+04
5.165100000000000000e+04
5.167700000000000000e+04
5.170300000000000000e+04
5.172900000000000000e+04
5.175500000000000000e+04
5.178100000000000000e+04
5.180700000000000000e+04
5.183300000000000000e+04
5.185900000000000000e+04
5.188500000000000000e+04
5.191100000000000000e+04
5.193700000000000000e+04
5.196300000000000000e+04
5.198900000000000000e+04
5.201500000000000000e+04
5.204100000000000000e+04
5.206800000000000000e+04
5.209500000000000000e+04
5.212200000000000000e+04
5.214800000000000000e+04
5.217400000000000000e+04
5.219900000000000000e+04
5.222400000000000000e+04
5.224900000000000000e+04
5.227300000000000000e+04
5.229700000000000000e+04
5.232100000000000000e+04
5.234500000000000000e+04
5.236800000000000000e+04
5.239100000000000000e+04
5.241400000000000000e+04
5.243700000000000000e+04
5.246000000000000000e+04
5.248200000000000000e+04
5.250400000000000000e+04
5.252600000000000000e+04
5.254800000000000000e+04
5.257000000000000000e+04
5.259200000000000000e+04
5.261400000000000000e+04
5.263600000000000000e+04
5.265800000000000000e+04
5.268000000000000000e+04
5.270200000000000000e+04
5.272400000000000000e+04
5.274600000000000000e+04
5.276800000000000000e+04
5.279000000000000000e+04
5.281200000000000000e+04
5.283400000000000000e+04
5.285600000000000000e+04
5.287800000000000000e+04
5.290000000000000000e+04
5.292200000000000000e+04
5.294400000000000000e+04
5.296700000000000000e+04
5.299000000000000000e+04
5.301300000000000000e+04
5.303600000000000000e+04
5.305900000000000000e+04
5.308300000000000000e+04
5.310700000000000000e+04
5.313100000000000000e+04
5.315500000000000000e+04
5.318000000000000000e+04
5.320500000000000000e+04
5.323000000000000000e+04
5.325500000000000000e+04
5.328000000000000000e+04
5.330500000000000000e+04
5.333000000000000000e+04
5.335500000000000000e+04
5.338000000000000000e+04
5.340500000000000000e+04
5.343000000000000000e+04
5.345500000000000000e+04
5.348000000000000000e+04
5.350500000000000000e+04
5.353000000000000000e+04
5.355500000000000000e+04
5.358000000000000000e+04
5.360600000000000000e+04
5.363200000000000000e+04
5.365800000000000000e+04
5.368400000000000000e+04
5.371000000000000000e+04
5.373600000000000000e+04
5.376300000000000000e+04
5.379000000000000000e+04
5.381700000000000000e+04
5.384400000000000000e+04
5.387100000000000000e+04
5.389800000000000000e+04
5.392500000000000000e+04
5.395200000000000000e+04
5.397900000000000000e+04
5.400600000000000000e+04
5.403300000000000000e+04
5.406100000000000000e+04
5.408900000000000000e+04
5.411700000000000000e+04
5.414600000000000000e+04
5.417500000000000000e+04
5.420400000000000000e+04
5.423300000000000000e+04
5.426200000000000000e+04
5.429200000000000000e+04
5.432200000000000000e+04
5.435300000000000000e+04
5.438400000000000000e+04
5.441500000000000000e+04
5.444700000000000000e+04
5.448000000000000000e+04
5.451300000000000000e+04
5.454600000000000000e+04
5.457900000000000000e+04
5.461100000000000000e+04
5.464300000000000000e+04
5.467400000000000000e+04
5.470500000000000000e+04
5.473600000000000000e+04
5.476600000000000000e+04
5.479500000000000000e+04
5.482400000000000000e+04
5.485300000000000000e+04
5.488100000000000000e+04
5.490900000000000000e+04
5.493600000000000000e+04
5.496300000000000000e+04
5.498900000000000000e+04
5.501500000000000000e+04
5.504000000000000000e+04
5.506500000000000000e+04
5.509000000000000000e+04
5.511500000000000000e+04
5.514000000000000000e+04
5.516400000000000000e+04
5.518800000000000000e+04
5.521200000000000000e+04
5.523600000000000000e+04
5.526000000000000000e+04
5.528300000000000000e+04
5.530600000000000000e+04
5.532900000000000000e+04
5.535200000000000000e+04
5.537500000000000000e+04
5.539800000000000000e+04
5.542100000000000000e+04
5.544300000000000000e+04
5.546600000000000000e+04
5.548800000000000000e+04
5.551000000000000000e+04
5.553200000000000000e+04
5.555400000000000000e+04
5.557600000000000000e+04
5.559800000000000000e+04
5.562000000000000000e+04
5.564200000000000000e+04
5.566400000000000000e+04
5.568600000000000000e+04
5.570800000000000000e+04
5.573000000000000000e+04
5.575300000000000000e+04
5.577600000000000000e+04
5.579900000000000000e+04
5.582200000000000000e+04
5.584500000000000000e+04
5.586800000000000000e+04
5.589100000000000000e+04
5.591400000000000000e+04
5.593700000000000000e+04
5.596000000000000000e+04
5.598300000000000000e+04
5.600700000000000000e+04
5.603100000000000000e+04
5.605500000000000000e+04
5.607900000000000000e+04
5.610300000000000000e+04
5.612700000000000000e+04
5.615100000000000000e+04
5.617500000000000000e+04
5.619900000000000000e+04
5.622300000000000000e+04
5.624800000000000000e+04
5.627300000000000000e+04
5.629800000000000000e+04
5.632300000000000000e+04
5.634800000000000000e+04
5.637300000000000000e+04
5.639800000000000000e+04
5.642300000000000000e+04
5.644800000000000000e+04
5.647300000000000000e+04
5.649800000000000000e+04
5.652300000000000000e+04
5.654800000000000000e+04
5.657300000000000000e+04
5.659800000000000000e+04
5.662300000000000000e+04
5.664800000000000000e+04
5.667300000000000000e+04
5.669800000000000000e+04
5.672200000000000000e+04
5.674600000000000000e+04
5.677000000000000000e+04
5.679400000000000000e+04
5.681800000000000000e+04
5.684200000000000000e+04
5.686600000000000000e+04
5.689000000000000000e+04
5.691300000000000000e+04
5.693600000000000000e+04
5.695900000000000000e+04
5.698200000000000000e+04
5.700500000000000000e+04
5.702800000000000000e+04
5.705100000000000000e+04
5.707400000000000000e+04
5.709700000000000000e+04
5.712000000000000000e+04
5.714400000000000000e+04
5.716800000000000000e+04
5.719200000000000000e+04
5.721600000000000000e+04
5.724000000000000000e+04
5.726400000000000000e+04
5.728800000000000000e+04
5.731200000000000000e+04
5.733700000000000000e+04
5.736200000000000000e+04
5.738700000000000000e+04
5.741200000000000000e+04
5.743800000000000000e+04
5.746400000000000000e+04
5.749100000000000000e+04
5.751800000000000000e+04
5.754600000000000000e+04
5.757400000000000000e+04
5.760300000000000000e+04
5.763300000000000000e+04
5.766300000000000000e+04
5.769500000000000000e+04
5.772800000000000000e+04
5.776200000000000000e+04
5.779800000000000000e+04
5.783500000000000000e+04
5.787300000000000000e+04
5.791100000000000000e+04
5.795000000000000000e+04
5.799000000000000000e+04
5.803000000000000000e+04
5.807100000000000000e+04
5.811300000000000000e+04
5.815500000000000000e+04
5.819600000000000000e+04
5.823600000000000000e+04
5.827500000000000000e+04
5.831400000000000000e+04
5.835200000000000000e+04
5.838900000000000000e+04
5.842600000000000000e+04
5.846200000000000000e+04
5.849800000000000000e+04
5.853400000000000000e+04
5.856900000000000000e+04
5.860400000000000000e+04
5.863900000000000000e+04
5.867400000000000000e+04
5.870800000000000000e+04
5.874200000000000000e+04
5.877600000000000000e+04
5.881100000000000000e+04
5.884500000000000000e+04
5.887900000000000000e+04
5.891200000000000000e+04
5.894500000000000000e+04
5.897800000000000000e+04
5.901000000000000000e+04
5.904200000000000000e+04
5.907400000000000000e+04
5.910600000000000000e+04
5.913800000000000000e+04
5.917000000000000000e+04
5.920200000000000000e+04
5.923400000000000000e+04
5.926600000000000000e+04
5.929800000000000000e+04
5.933000000000000000e+04
5.936200000000000000e+04
5.939400000000000000e+04
5.942700000000000000e+04
5.946000000000000000e+04
5.949400000000000000e+04
5.952800000000000000e+04
5.956200000000000000e+04
5.959700000000000000e+04
5.963200000000000000e+04
5.966700000000000000e+04
5.970300000000000000e+04
5.973900000000000000e+04
5.977600000000000000e+04
5.981400000000000000e+04
5.985200000000000000e+04
5.989100000000000000e+04
5.993100000000000000e+04
5.997100000000000000e+04
6.001200000000000000e+04
6.005400000000000000e+04
6.009700000000000000e+04
6.014200000000000000e+04
6.018800000000000000e+04
6.023500000000000000e+04
6.028300000000000000e+04
6.033300000000000000e+04
6.038400000000000000e+04
6.043700000000000000e+04
6.049200000000000000e+04
6.054400000000000000e+04
6.059500000000000000e+04
6.064400000000000000e+04
6.069200000000000000e+04
6.073900000000000000e+04
6.078600000000000000e+04
6.083100000000000000e+04
6.087500000000000000e+04
6.091900000000000000e+04
6.096300000000000000e+04
6.100700000000000000e+04
6.105100000000000000e+04
6.109500000000000000e+04
6.113800000000000000e+04
6.118100000000000000e+04
6.122400000000000000e+04
6.126800000000000000e+04
6.131200000000000000e+04
6.135600000000000000e+04
6.140100000000000000e+04
6.144600000000000000e+04
6.149200000000000000e+04
6.153800000000000000e+04
6.158500000000000000e+04
6.163300000000000000e+04
6.168100000000000000e+04
6.173000000000000000e+04
6.178000000000000000e+04
6.183100000000000000e+04
6.188500000000000000e+04
6.193900000000000000e+04
6.199600000000000000e+04
6.205400000000000000e+04
6.211500000000000000e+04
6.217900000000000000e+04
6.224500000000000000e+04
6.231000000000000000e+04
6.237300000000000000e+04
6.243300000000000000e+04
6.249000000000000000e+04
6.254600000000000000e+04
6.260000000000000000e+04
6.265200000000000000e+04
6.270400000000000000e+04
6.275400000000000000e+04
6.280300000000000000e+04
6.285200000000000000e+04
6.290000000000000000e+04
6.294600000000000000e+04
6.299200000000000000e+04
6.303800000000000000e+04
6.308400000000000000e+04
6.312900000000000000e+04
6.317400000000000000e+04
6.321900000000000000e+04
6.326400000000000000e+04
6.330900000000000000e+04
6.335400000000000000e+04
6.339900000000000000e+04
6.344300000000000000e+04
6.348600000000000000e+04
6.352800000000000000e+04
6.356900000000000000e+04
6.360900000000000000e+04
6.364900000000000000e+04
6.368800000000000000e+04
6.372600000000000000e+04
6.376300000000000000e+04
6.379900000000000000e+04
6.383500000000000000e+04
6.387100000000000000e+04
6.390700000000000000e+04
6.394200000000000000e+04
6.397700000000000000e+04
6.401200000000000000e+04
6.404600000000000000e+04
6.408000000000000000e+04
6.411300000000000000e+04
6.414600000000000000e+04
6.417900000000000000e+04
6.421200000000000000e+04
6.424500000000000000e+04
6.427700000000000000e+04
6.430900000000000000e+04
6.434000000000000000e+04
6.437100000000000000e+04
6.440100000000000000e+04
6.443100000000000000e+04
6.446000000000000000e+04
6.448900000000000000e+04
6.451700000000000000e+04
6.454500000000000000e+04
6.457200000000000000e+04
6.459900000000000000e+04
6.462600000000000000e+04
6.465200000000000000e+04
6.467800000000000000e+04
6.470400000000000000e+04
6.473000000000000000e+04
6.475600000000000000e+04
6.478100000000000000e+04
6.480600000000000000e+04
6.483100000000000000e+04
6.485600000000000000e+04
6.488100000000000000e+04
6.490600000000000000e+04
6.493100000000000000e+04
6.495600000000000000e+04
6.498100000000000000e+04
6.500600000000000000e+04
6.503100000000000000e+04
6.505600000000000000e+04
6.508100000000000000e+04
6.510600000000000000e+04
6.513100000000000000e+04
6.515600000000000000e+04
6.518200000000000000e+04
6.520800000000000000e+04
6.523400000000000000e+04
6.526000000000000000e+04
6.528600000000000000e+04
6.531300000000000000e+04
6.534000000000000000e+04
6.536700000000000000e+04
6.539500000000000000e+04
6.542300000000000000e+04
6.545200000000000000e+04
6.548100000000000000e+04
6.551000000000000000e+04
6.554000000000000000e+04
6.557000000000000000e+04
6.560100000000000000e+04
6.563200000000000000e+04
6.566400000000000000e+04
6.569600000000000000e+04
6.572800000000000000e+04
6.576000000000000000e+04
6.579300000000000000e+04
6.582600000000000000e+04
6.586000000000000000e+04
6.589400000000000000e+04
6.592800000000000000e+04
6.596200000000000000e+04
6.599700000000000000e+04
6.603200000000000000e+04
6.606800000000000000e+04
6.610400000000000000e+04
6.614000000000000000e+04
6.617600000000000000e+04
6.621300000000000000e+04
6.624900000000000000e+04
6.628600000000000000e+04
6.632300000000000000e+04
6.636000000000000000e+04
6.639600000000000000e+04
6.643300000000000000e+04
6.647000000000000000e+04
6.650700000000000000e+04
6.654400000000000000e+04
6.658100000000000000e+04
6.661800000000000000e+04
6.665500000000000000e+04
6.669200000000000000e+04
6.673000000000000000e+04
6.676800000000000000e+04
6.680600000000000000e+04
6.684400000000000000e+04
6.688200000000000000e+04
6.692100000000000000e+04
6.696000000000000000e+04
6.699900000000000000e+04
6.703800000000000000e+04
6.707800000000000000e+04
6.711800000000000000e+04
6.715800000000000000e+04
6.719900000000000000e+04
6.723900000000000000e+04
6.727800000000000000e+04
6.731600000000000000e+04
6.735400000000000000e+04
6.739200000000000000e+04
6.742900000000000000e+04
6.746500000000000000e+04
6.750000000000000000e+04
6.753500000000000000e+04
6.756900000000000000e+04
6.760300000000000000e+04
6.763700000000000000e+04
6.767000000000000000e+04
6.770300000000000000e+04
6.773600000000000000e+04
6.776900000000000000e+04
6.780100000000000000e+04
6.783300000000000000e+04
6.786500000000000000e+04
6.789700000000000000e+04
6.792800000000000000e+04
6.796000000000000000e+04
6.799100000000000000e+04
6.802200000000000000e+04
6.805300000000000000e+04
6.808400000000000000e+04
6.811500000000000000e+04
6.814600000000000000e+04
6.817700000000000000e+04
6.820800000000000000e+04
6.823900000000000000e+04
6.827100000000000000e+04
6.830300000000000000e+04
6.833500000000000000e+04
6.836700000000000000e+04
6.839900000000000000e+04
6.843200000000000000e+04
6.846500000000000000e+04
6.849800000000000000e+04
6.853100000000000000e+04
6.856500000000000000e+04
6.859900000000000000e+04
6.863300000000000000e+04
6.866700000000000000e+04
6.870200000000000000e+04
6.873700000000000000e+04
6.877100000000000000e+04
6.880600000000000000e+04
6.884000000000000000e+04
6.887400000000000000e+04
6.890800000000000000e+04
6.894200000000000000e+04
6.897500000000000000e+04
6.900900000000000000e+04
6.904200000000000000e+04
6.907500000000000000e+04
6.910800000000000000e+04
6.914000000000000000e+04
6.917300000000000000e+04
6.920500000000000000e+04
6.923700000000000000e+04
6.926900000000000000e+04
6.930100000000000000e+04
6.933300000000000000e+04
6.936500000000000000e+04
6.939700000000000000e+04
6.942900000000000000e+04
6.946100000000000000e+04
6.949300000000000000e+04
6.952500000000000000e+04
6.955700000000000000e+04
6.958900000000000000e+04
6.962000000000000000e+04
6.965200000000000000e+04
6.968300000000000000e+04
6.971500000000000000e+04
6.974700000000000000e+04
6.977900000000000000e+04
6.981100000000000000e+04
6.984300000000000000e+04
6.987500000000000000e+04
6.990800000000000000e+04
6.994000000000000000e+04
6.997300000000000000e+04
7.000600000000000000e+04
7.003900000000000000e+04
7.007200000000000000e+04
7.010600000000000000e+04
7.013900000000000000e+04
7.017100000000000000e+04
7.020300000000000000e+04
7.023400000000000000e+04
7.026400000000000000e+04
7.029400000000000000e+04
7.032300000000000000e+04
7.035200000000000000e+04
7.038100000000000000e+04
7.040900000000000000e+04
7.043700000000000000e+04
7.046500000000000000e+04
7.049200000000000000e+04
7.051900000000000000e+04
7.054600000000000000e+04
7.057300000000000000e+04
7.060000000000000000e+04
7.062600000000000000e+04
7.065200000000000000e+04
7.067800000000000000e+04
7.070400000000000000e+04
7.073000000000000000e+04
7.075600000000000000e+04
7.078200000000000000e+04
7.080800000000000000e+04
7.083400000000000000e+04
7.086000000000000000e+04
7.088600000000000000e+04
7.091200000000000000e+04
7.093800000000000000e+04
7.096400000000000000e+04
7.099000000000000000e+04
7.101600000000000000e+04
7.104200000000000000e+04
7.106800000000000000e+04
7.109400000000000000e+04
7.112000000000000000e+04
7.114600000000000000e+04
7.117200000000000000e+04
7.119800000000000000e+04
7.122400000000000000e+04
7.125000000000000000e+04
7.127600000000000000e+04
7.130200000000000000e+04
7.132800000000000000e+04
7.135400000000000000e+04
7.138000000000000000e+04
7.140600000000000000e+04
7.143200000000000000e+04
7.145800000000000000e+04
7.148400000000000000e+04
7.151000000000000000e+04
7.153700000000000000e+04
7.156400000000000000e+04
7.159100000000000000e+04
7.161800000000000000e+04
7.164500000000000000e+04
7.167200000000000000e+04
7.169900000000000000e+04
7.172600000000000000e+04
7.175300000000000000e+04
7.178000000000000000e+04
7.180700000000000000e+04
7.183400000000000000e+04
7.186100000000000000e+04
7.188800000000000000e+04
7.191500000000000000e+04
7.194200000000000000e+04
7.196900000000000000e+04
7.199600000000000000e+04
7.202300000000000000e+04
7.205000000000000000e+04
7.207700000000000000e+04
7.210400000000000000e+04
7.213100000000000000e+04
7.215800000000000000e+04
7.218500000000000000e+04
7.221200000000000000e+04
7.223900000000000000e+04
7.226600000000000000e+04
7.229400000000000000e+04
7.232200000000000000e+04
7.235000000000000000e+04
7.237800000000000000e+04
7.240600000000000000e+04
7.243500000000000000e+04
7.246400000000000000e+04
7.249300000000000000e+04
7.252200000000000000e+04
7.255200000000000000e+04
7.258200000000000000e+04
7.261200000000000000e+04
7.264300000000000000e+04
7.267400000000000000e+04
7.270500000000000000e+04
7.273700000000000000e+04
7.276900000000000000e+04
7.280100000000000000e+04
7.283200000000000000e+04
7.286300000000000000e+04
7.289400000000000000e+04
7.292500000000000000e+04
7.295600000000000000e+04
7.298700000000000000e+04
7.301800000000000000e+04
7.304900000000000000e+04
7.308000000000000000e+04
7.311100000000000000e+04
7.314200000000000000e+04
7.317300000000000000e+04
7.320400000000000000e+04
7.323500000000000000e+04
7.326600000000000000e+04
7.329700000000000000e+04
7.332800000000000000e+04
7.335900000000000000e+04
7.339000000000000000e+04
7.342200000000000000e+04
7.345400000000000000e+04
7.348600000000000000e+04
7.351800000000000000e+04
7.355000000000000000e+04
7.358300000000000000e+04
7.361600000000000000e+04
7.364900000000000000e+04
7.368200000000000000e+04
7.371500000000000000e+04
7.374800000000000000e+04
7.378200000000000000e+04
7.381500000000000000e+04
7.384900000000000000e+04
7.388300000000000000e+04
7.391700000000000000e+04
7.395200000000000000e+04
7.398700000000000000e+04
7.402200000000000000e+04
7.405800000000000000e+04
7.409400000000000000e+04
7.413000000000000000e+04
7.416700000000000000e+04
7.420400000000000000e+04
7.424200000000000000e+04
7.428100000000000000e+04
7.432000000000000000e+04
7.436000000000000000e+04
7.439900000000000000e+04
7.443800000000000000e+04
7.447600000000000000e+04
7.451400000000000000e+04
7.455200000000000000e+04
7.458900000000000000e+04
7.462600000000000000e+04
7.466200000000000000e+04
7.469800000000000000e+04
7.473400000000000000e+04
7.477000000000000000e+04
7.480500000000000000e+04
7.484000000000000000e+04
7.487500000000000000e+04
7.491000000000000000e+04
7.494500000000000000e+04
7.498000000000000000e+04
7.501500000000000000e+04
7.505000000000000000e+04
7.508500000000000000e+04
7.511900000000000000e+04
7.515400000000000000e+04
7.518900000000000000e+04
7.522400000000000000e+04
7.525900000000000000e+04
7.529400000000000000e+04
7.532900000000000000e+04
7.536500000000000000e+04
7.540100000000000000e+04
7.543800000000000000e+04
7.547500000000000000e+04
7.551300000000000000e+04
7.555200000000000000e+04
7.559100000000000000e+04
7.563000000000000000e+04
7.566800000000000000e+04
7.570600000000000000e+04
7.574400000000000000e+04
7.578300000000000000e+04
7.582200000000000000e+04
7.586100000000000000e+04
7.590000000000000000e+04
7.594000000000000000e+04
7.598000000000000000e+04
7.602100000000000000e+04
7.606200000000000000e+04
7.610300000000000000e+04
7.614400000000000000e+04
7.618500000000000000e+04
7.622700000000000000e+04
7.627000000000000000e+04
7.631500000000000000e+04
7.636000000000000000e+04
7.640500000000000000e+04
7.645100000000000000e+04
7.649700000000000000e+04
7.654300000000000000e+04
7.658900000000000000e+04
7.663600000000000000e+04
7.668400000000000000e+04
7.673300000000000000e+04
7.678200000000000000e+04
7.683300000000000000e+04
7.688500000000000000e+04
7.693500000000000000e+04
7.698600000000000000e+04
7.703600000000000000e+04
7.708700000000000000e+04
7.713700000000000000e+04
7.718800000000000000e+04
7.723800000000000000e+04
7.728900000000000000e+04
7.734000000000000000e+04
7.739200000000000000e+04
7.744500000000000000e+04
7.749800000000000000e+04
7.755100000000000000e+04
7.760600000000000000e+04
7.766300000000000000e+04
7.772100000000000000e+04
7.777900000000000000e+04
7.783900000000000000e+04
7.790000000000000000e+04
7.796300000000000000e+04
7.802800000000000000e+04
7.809300000000000000e+04
7.815600000000000000e+04
7.821900000000000000e+04
7.828200000000000000e+04
7.834500000000000000e+04
7.840700000000000000e+04
7.847100000000000000e+04
7.853300000000000000e+04
7.859600000000000000e+04
7.866000000000000000e+04
7.872400000000000000e+04
7.879100000000000000e+04
7.885800000000000000e+04
7.892600000000000000e+04
7.899800000000000000e+04
7.907200000000000000e+04
7.914400000000000000e+04
7.921300000000000000e+04
7.928200000000000000e+04
7.934900000000000000e+04
7.941600000000000000e+04
7.948100000000000000e+04
7.954700000000000000e+04
7.961100000000000000e+04
7.967700000000000000e+04
7.974300000000000000e+04
7.980800000000000000e+04
7.987100000000000000e+04
7.993400000000000000e+04
7.999600000000000000e+04
8.005600000000000000e+04
8.011800000000000000e+04
8.017800000000000000e+04
8.023700000000000000e+04
8.029700000000000000e+04
8.035700000000000000e+04
8.041500000000000000e+04
8.047300000000000000e+04
8.053200000000000000e+04
8.059100000000000000e+04
8.065100000000000000e+04
8.071100000000000000e+04
8.077100000000000000e+04
8.083000000000000000e+04
8.089200000000000000e+04
8.095500000000000000e+04
8.101800000000000000e+04
8.108200000000000000e+04
8.114500000000000000e+04
8.120900000000000000e+04
8.127400000000000000e+04
8.133800000000000000e+04
8.140400000000000000e+04
8.146900000000000000e+04
8.153700000000000000e+04
8.160400000000000000e+04
8.167300000000000000e+04
8.174200000000000000e+04
8.181200000000000000e+04
8.188100000000000000e+04
8.195200000000000000e+04
8.202100000000000000e+04
8.209000000000000000e+04
8.215900000000000000e+04
8.222500000000000000e+04
8.228900000000000000e+04
8.235200000000000000e+04
8.241300000000000000e+04
8.247200000000000000e+04
8.252900000000000000e+04
8.258400000000000000e+04
8.263700000000000000e+04
8.268800000000000000e+04
8.273900000000000000e+04
8.278900000000000000e+04
8.283600000000000000e+04
8.288200000000000000e+04
8.292800000000000000e+04
8.297300000000000000e+04
8.301800000000000000e+04
8.306200000000000000e+04
8.310600000000000000e+04
8.314800000000000000e+04
8.319000000000000000e+04
8.323200000000000000e+04
8.327400000000000000e+04
8.331500000000000000e+04
8.335600000000000000e+04
8.339700000000000000e+04
8.343700000000000000e+04
8.347700000000000000e+04
8.351700000000000000e+04
8.355600000000000000e+04
8.359500000000000000e+04
8.363400000000000000e+04
8.367200000000000000e+04
8.371000000000000000e+04
8.374700000000000000e+04
8.378400000000000000e+04
8.382100000000000000e+04
8.385700000000000000e+04
8.389300000000000000e+04
8.392800000000000000e+04
8.396300000000000000e+04
8.399700000000000000e+04
8.403000000000000000e+04
8.406200000000000000e+04
8.409300000000000000e+04
8.412300000000000000e+04
8.415200000000000000e+04
8.418100000000000000e+04
8.420900000000000000e+04
8.423700000000000000e+04
8.426400000000000000e+04
8.429100000000000000e+04
8.431700000000000000e+04
8.434300000000000000e+04
8.436800000000000000e+04
8.439300000000000000e+04
8.441800000000000000e+04
8.444300000000000000e+04
8.446700000000000000e+04
8.449100000000000000e+04
8.451500000000000000e+04
8.453900000000000000e+04
8.456200000000000000e+04
8.458500000000000000e+04
8.460800000000000000e+04
8.463100000000000000e+04
8.465400000000000000e+04
8.467700000000000000e+04
8.470000000000000000e+04
8.472300000000000000e+04
8.474600000000000000e+04
8.476900000000000000e+04
8.479200000000000000e+04
8.481500000000000000e+04
8.483800000000000000e+04
8.486100000000000000e+04
8.488400000000000000e+04
8.490800000000000000e+04
8.493200000000000000e+04
8.495600000000000000e+04
8.498100000000000000e+04
8.500600000000000000e+04
8.503100000000000000e+04
8.505600000000000000e+04
8.508200000000000000e+04
8.510800000000000000e+04
8.513400000000000000e+04
8.516000000000000000e+04
8.518600000000000000e+04
8.521200000000000000e+04
8.523900000000000000e+04
8.526600000000000000e+04
8.529300000000000000e+04
8.532000000000000000e+04
8.534700000000000000e+04
8.537500000000000000e+04
8.540300000000000000e+04
8.543100000000000000e+04
8.545900000000000000e+04
8.548600000000000000e+04
8.551300000000000000e+04
8.554000000000000000e+04
8.556700000000000000e+04
8.559400000000000000e+04
8.562000000000000000e+04
8.564600000000000000e+04
8.567200000000000000e+04
8.569800000000000000e+04
8.572300000000000000e+04
8.574800000000000000e+04
8.577300000000000000e+04
8.579800000000000000e+04
8.582300000000000000e+04
8.584800000000000000e+04
8.587200000000000000e+04
8.589600000000000000e+04
8.592000000000000000e+04
8.594400000000000000e+04
8.596800000000000000e+04
8.599100000000000000e+04
8.601400000000000000e+04
8.603700000000000000e+04
8.606000000000000000e+04
8.608300000000000000e+04
8.610600000000000000e+04
8.612900000000000000e+04
8.615200000000000000e+04
8.617500000000000000e+04
8.619800000000000000e+04
8.622000000000000000e+04
8.624200000000000000e+04
8.626400000000000000e+04
8.628600000000000000e+04
8.630800000000000000e+04
8.633000000000000000e+04
8.635200000000000000e+04
8.637400000000000000e+04
8.639600000000000000e+04
8.641800000000000000e+04
8.644000000000000000e+04
8.646200000000000000e+04
8.648400000000000000e+04
8.650600000000000000e+04
8.652800000000000000e+04
8.655000000000000000e+04
8.657300000000000000e+04
8.659600000000000000e+04
8.661900000000000000e+04
8.664200000000000000e+04
8.666500000000000000e+04
8.668800000000000000e+04
8.671100000000000000e+04
8.673500000000000000e+04
8.675900000000000000e+04
8.678300000000000000e+04
8.680700000000000000e+04
8.683100000000000000e+04
8.685500000000000000e+04
8.687900000000000000e+04
8.690400000000000000e+04
8.692900000000000000e+04
8.695400000000000000e+04
8.698000000000000000e+04
8.700600000000000000e+04
8.703200000000000000e+04
8.705800000000000000e+04
8.708500000000000000e+04
8.711200000000000000e+04
8.713900000000000000e+04
8.716700000000000000e+04
8.719500000000000000e+04
8.722300000000000000e+04
8.725200000000000000e+04
8.728100000000000000e+04
8.731100000000000000e+04
8.734100000000000000e+04
8.737200000000000000e+04
8.740300000000000000e+04
8.743500000000000000e+04
8.746700000000000000e+04
8.750000000000000000e+04
8.753400000000000000e+04
8.756800000000000000e+04
8.760200000000000000e+04
8.763700000000000000e+04
8.767300000000000000e+04
8.771000000000000000e+04
8.774800000000000000e+04
8.778700000000000000e+04
8.782500000000000000e+04
8.786400000000000000e+04
8.790400000000000000e+04
8.794500000000000000e+04
8.798700000000000000e+04
8.803000000000000000e+04
8.807500000000000000e+04
8.812000000000000000e+04
8.816600000000000000e+04
8.821300000000000000e+04
8.826100000000000000e+04
8.831000000000000000e+04
8.836000000000000000e+04
8.841100000000000000e+04
8.846400000000000000e+04
8.851800000000000000e+04
8.857200000000000000e+04
8.862700000000000000e+04
8.868400000000000000e+04
8.874200000000000000e+04
8.879900000000000000e+04
8.885700000000000000e+04
8.891600000000000000e+04
8.897400000000000000e+04
8.903300000000000000e+04
8.909100000000000000e+04
8.915000000000000000e+04
8.920900000000000000e+04
8.926700000000000000e+04
8.932400000000000000e+04
8.938200000000000000e+04
8.943900000000000000e+04
8.949600000000000000e+04
8.955300000000000000e+04
8.961000000000000000e+04
8.966700000000000000e+04
8.972300000000000000e+04
8.977900000000000000e+04
8.983400000000000000e+04
8.989000000000000000e+04
8.994500000000000000e+04
9.000000000000000000e+04
9.005400000000000000e+04
9.010800000000000000e+04
9.016200000000000000e+04
9.021600000000000000e+04
9.026800000000000000e+04
9.032000000000000000e+04
9.037200000000000000e+04
9.042200000000000000e+04
9.047200000000000000e+04
9.052100000000000000e+04
9.056900000000000000e+04
9.061500000000000000e+04
9.066100000000000000e+04
9.070600000000000000e+04
9.075000000000000000e+04
9.079300000000000000e+04
9.083500000000000000e+04
9.087600000000000000e+04
9.091600000000000000e+04
9.095600000000000000e+04
9.099500000000000000e+04
9.103300000000000000e+04
9.107100000000000000e+04
9.110800000000000000e+04
9.114400000000000000e+04
9.117900000000000000e+04
9.121400000000000000e+04
9.124800000000000000e+04
9.128100000000000000e+04
9.131400000000000000e+04
9.134600000000000000e+04
9.137800000000000000e+04
9.140900000000000000e+04
9.144000000000000000e+04
9.147000000000000000e+04
9.149900000000000000e+04
9.152800000000000000e+04
9.155700000000000000e+04
9.158600000000000000e+04
9.161400000000000000e+04
9.164200000000000000e+04
9.166900000000000000e+04
9.169600000000000000e+04
9.172300000000000000e+04
9.175000000000000000e+04
9.177700000000000000e+04
9.180400000000000000e+04
9.183100000000000000e+04
9.185700000000000000e+04
9.188300000000000000e+04
9.190900000000000000e+04
9.193500000000000000e+04
9.196100000000000000e+04
9.198700000000000000e+04
9.201300000000000000e+04
9.203900000000000000e+04
9.206600000000000000e+04
9.209300000000000000e+04
9.212000000000000000e+04
9.214700000000000000e+04
9.217400000000000000e+04
9.220100000000000000e+04
9.222800000000000000e+04
9.225500000000000000e+04
9.228300000000000000e+04
9.231100000000000000e+04
9.233900000000000000e+04
9.236700000000000000e+04
9.239500000000000000e+04
9.242400000000000000e+04
9.245300000000000000e+04
9.248200000000000000e+04
9.251100000000000000e+04
9.254100000000000000e+04
9.257100000000000000e+04
9.260100000000000000e+04
9.263000000000000000e+04
9.265800000000000000e+04
9.268600000000000000e+04
9.271300000000000000e+04
9.274000000000000000e+04
9.276600000000000000e+04
9.279200000000000000e+04
9.281700000000000000e+04
9.284200000000000000e+04
9.286600000000000000e+04
9.289000000000000000e+04
9.291400000000000000e+04
9.293800000000000000e+04
9.296100000000000000e+04
9.298400000000000000e+04
9.300600000000000000e+04
9.302800000000000000e+04
9.305000000000000000e+04
9.307100000000000000e+04
9.309200000000000000e+04
9.311300000000000000e+04
9.313400000000000000e+04
9.315400000000000000e+04
9.317400000000000000e+04
9.319400000000000000e+04
9.321400000000000000e+04
9.323400000000000000e+04
9.325400000000000000e+04
9.327400000000000000e+04
9.329400000000000000e+04
9.331400000000000000e+04
9.333400000000000000e+04
9.335300000000000000e+04
9.337200000000000000e+04
9.339200000000000000e+04
9.341200000000000000e+04
9.343200000000000000e+04
9.345200000000000000e+04
9.347200000000000000e+04
9.349200000000000000e+04
9.351200000000000000e+04
9.353200000000000000e+04
9.355200000000000000e+04
9.357200000000000000e+04
9.359200000000000000e+04
9.361300000000000000e+04
9.363400000000000000e+04
9.365500000000000000e+04
9.367600000000000000e+04
9.369700000000000000e+04
9.371900000000000000e+04
9.374100000000000000e+04
9.376300000000000000e+04
9.378500000000000000e+04
9.380800000000000000e+04
9.383100000000000000e+04
9.385400000000000000e+04
9.387800000000000000e+04
9.390200000000000000e+04
9.392600000000000000e+04
9.395100000000000000e+04
9.397600000000000000e+04
9.400200000000000000e+04
9.402800000000000000e+04
9.405500000000000000e+04
9.408200000000000000e+04
9.410900000000000000e+04
9.413700000000000000e+04
9.416500000000000000e+04
9.419300000000000000e+04
9.422200000000000000e+04
9.425100000000000000e+04
9.428000000000000000e+04
9.430900000000000000e+04
9.433900000000000000e+04
9.436900000000000000e+04
9.439900000000000000e+04
9.443000000000000000e+04
9.446100000000000000e+04
9.449200000000000000e+04
9.452200000000000000e+04
9.455200000000000000e+04
9.458200000000000000e+04
9.461200000000000000e+04
9.464100000000000000e+04
9.467000000000000000e+04
9.469900000000000000e+04
9.472800000000000000e+04
9.475700000000000000e+04
9.478600000000000000e+04
9.481500000000000000e+04
9.484400000000000000e+04
9.487300000000000000e+04
9.490200000000000000e+04
9.493100000000000000e+04
9.496000000000000000e+04
9.498900000000000000e+04
9.501800000000000000e+04
9.504700000000000000e+04
9.507600000000000000e+04
9.510600000000000000e+04
9.513500000000000000e+04
9.516500000000000000e+04
9.519500000000000000e+04
9.522500000000000000e+04
9.525600000000000000e+04
9.528700000000000000e+04
9.531900000000000000e+04
9.535100000000000000e+04
9.538400000000000000e+04
9.541700000000000000e+04
9.545100000000000000e+04
9.548500000000000000e+04
9.552000000000000000e+04
9.555600000000000000e+04
9.559300000000000000e+04
9.563100000000000000e+04
9.566900000000000000e+04
9.570900000000000000e+04
9.574900000000000000e+04
9.579100000000000000e+04
9.583400000000000000e+04
9.587900000000000000e+04
9.592500000000000000e+04
9.597300000000000000e+04
9.602300000000000000e+04
9.607400000000000000e+04
9.612800000000000000e+04
9.618300000000000000e+04
9.624100000000000000e+04
9.630200000000000000e+04
9.636300000000000000e+04
9.642700000000000000e+04
9.649300000000000000e+04
9.656100000000000000e+04
9.662800000000000000e+04
9.669400000000000000e+04
9.676000000000000000e+04
9.682400000000000000e+04
9.688800000000000000e+04
9.695100000000000000e+04
9.701300000000000000e+04
9.707500000000000000e+04
9.713500000000000000e+04
9.719400000000000000e+04
9.725200000000000000e+04
9.730900000000000000e+04
9.736400000000000000e+04
9.741800000000000000e+04
9.747100000000000000e+04
9.752200000000000000e+04
9.757200000000000000e+04
9.762100000000000000e+04
9.766900000000000000e+04
9.771700000000000000e+04
9.776300000000000000e+04
9.780800000000000000e+04
9.785300000000000000e+04
9.789600000000000000e+04
9.793800000000000000e+04
9.798000000000000000e+04
9.802100000000000000e+04
9.806100000000000000e+04
9.810000000000000000e+04
9.813900000000000000e+04
9.817700000000000000e+04
9.821500000000000000e+04
9.825200000000000000e+04
9.828800000000000000e+04
9.832400000000000000e+04
9.835900000000000000e+04
9.839400000000000000e+04
9.842800000000000000e+04
9.846200000000000000e+04
9.849600000000000000e+04
9.852900000000000000e+04
9.856200000000000000e+04
9.859400000000000000e+04
9.862600000000000000e+04
9.865800000000000000e+04
9.868900000000000000e+04
9.872000000000000000e+04
9.875100000000000000e+04
9.878200000000000000e+04
9.881300000000000000e+04
9.884400000000000000e+04
9.887400000000000000e+04
9.890400000000000000e+04
9.893400000000000000e+04
9.896400000000000000e+04
9.899400000000000000e+04
9.902400000000000000e+04
9.905400000000000000e+04
9.908400000000000000e+04
9.911500000000000000e+04
9.914600000000000000e+04
9.917600000000000000e+04
9.920700000000000000e+04
9.923800000000000000e+04
9.926900000000000000e+04
9.930100000000000000e+04
9.933400000000000000e+04
9.936600000000000000e+04
9.939800000000000000e+04
9.943000000000000000e+04
9.946200000000000000e+04
9.949300000000000000e+04
9.952400000000000000e+04
9.955500000000000000e+04
9.958600000000000000e+04
9.961700000000000000e+04
9.964800000000000000e+04
9.967800000000000000e+04
9.970800000000000000e+04
9.973800000000000000e+04
9.976800000000000000e+04
9.979800000000000000e+04
9.982900000000000000e+04
9.986000000000000000e+04
9.989100000000000000e+04
9.992200000000000000e+04
9.995300000000000000e+04
9.998500000000000000e+04
