2.400000000000000000e+01
4.800000000000000000e+01
7.200000000000000000e+01
9.700000000000000000e+01
1.220000000000000000e+02
1.480000000000000000e+02
1.740000000000000000e+02
2.010000000000000000e+02
2.280000000000000000e+02
2.560000000000000000e+02
2.850000000000000000e+02
3.140000000000000000e+02
3.440000000000000000e+02
3.750000000000000000e+02
4.070000000000000000e+02
4.390000000000000000e+02
4.720000000000000000e+02
5.070000000000000000e+02
5.420000000000000000e+02
5.790000000000000000e+02
6.170000000000000000e+02
6.560000000000000000e+02
6.960000000000000000e+02
7.380000000000000000e+02
7.820000000000000000e+02
8.280000000000000000e+02
8.760000000000000000e+02
9.260000000000000000e+02
9.790000000000000000e+02
1.034000000000000000e+03
1.090000000000000000e+03
1.148000000000000000e+03
1.207000000000000000e+03
1.268000000000000000e+03
1.331000000000000000e+03
1.396000000000000000e+03
1.463000000000000000e+03
1.532000000000000000e+03
1.601000000000000000e+03
1.672000000000000000e+03
1.745000000000000000e+03
1.819000000000000000e+03
1.893000000000000000e+03
1.969000000000000000e+03
2.045000000000000000e+03
2.122000000000000000e+03
2.198000000000000000e+03
2.275000000000000000e+03
2.350000000000000000e+03
2.424000000000000000e+03
2.495000000000000000e+03
2.564000000000000000e+03
2.631000000000000000e+03
2.694000000000000000e+03
2.756000000000000000e+03
2.817000000000000000e+03
2.876000000000000000e+03
2.934000000000000000e+03
2.990000000000000000e+03
3.045000000000000000e+03
3.099000000000000000e+03
3.151000000000000000e+03
3.203000000000000000e+03
3.254000000000000000e+03
3.304000000000000000e+03
3.353000000000000000e+03
3.402000000000000000e+03
3.450000000000000000e+03
3.497000000000000000e+03
3.543000000000000000e+03
3.588000000000000000e+03
3.632000000000000000e+03
3.676000000000000000e+03
3.719000000000000000e+03
3.762000000000000000e+03
3.805000000000000000e+03
3.848000000000000000e+03
3.890000000000000000e+03
3.932000000000000000e+03
3.973000000000000000e+03
4.014000000000000000e+03
4.054000000000000000e+03
4.094000000000000000e+03
4.134000000000000000e+03
4.173000000000000000e+03
4.212000000000000000e+03
4.251000000000000000e+03
4.289000000000000000e+03
4.327000000000000000e+03
4.365000000000000000e+03
4.403000000000000000e+03
4.441000000000000000e+03
4.479000000000000000e+03
4.516000000000000000e+03
4.553000000000000000e+03
4.590000000000000000e+03
4.627000000000000000e+03
4.663000000000000000e+03
4.700000000000000000e+03
4.737000000000000000e+03
4.773000000000000000e+03
4.809000000000000000e+03
4.845000000000000000e+03
4.881000000000000000e+03
4.917000000000000000e+03
4.953000000000000000e+03
4.989000000000000000e+03
5.025000000000000000e+03
5.061000000000000000e+03
5.097000000000000000e+03
5.133000000000000000e+03
5.169000000000000000e+03
5.205000000000000000e+03
5.241000000000000000e+03
5.277000000000000000e+03
5.313000000000000000e+03
5.349000000000000000e+03
5.385000000000000000e+03
5.422000000000000000e+03
5.459000000000000000e+03
5.496000000000000000e+03
5.533000000000000000e+03
5.570000000000000000e+03
5.607000000000000000e+03
5.644000000000000000e+03
5.681000000000000000e+03
5.719000000000000000e+03
5.757000000000000000e+03
5.795000000000000000e+03
5.833000000000000000e+03
5.871000000000000000e+03
5.909000000000000000e+03
5.948000000000000000e+03
5.986000000000000000e+03
6.025000000000000000e+03
6.064000000000000000e+03
6.103000000000000000e+03
6.142000000000000000e+03
6.181000000000000000e+03
6.220000000000000000e+03
6.260000000000000000e+03
6.300000000000000000e+03
6.340000000000000000e+03
6.380000000000000000e+03
6.420000000000000000e+03
6.460000000000000000e+03
6.500000000000000000e+03
6.541000000000000000e+03
6.582000000000000000e+03
6.623000000000000000e+03
6.664000000000000000e+03
6.705000000000000000e+03
6.747000000000000000e+03
6.789000000000000000e+03
6.831000000000000000e+03
6.873000000000000000e+03
6.915000000000000000e+03
6.957000000000000000e+03
6.999000000000000000e+03
7.041000000000000000e+03
7.084000000000000000e+03
7.127000000000000000e+03
7.170000000000000000e+03
7.213000000000000000e+03
7.256000000000000000e+03
7.299000000000000000e+03
7.343000000000000000e+03
7.387000000000000000e+03
7.431000000000000000e+03
7.475000000000000000e+03
7.519000000000000000e+03
7.564000000000000000e+03
7.609000000000000000e+03
7.654000000000000000e+03
7.700000000000000000e+03
7.746000000000000000e+03
7.792000000000000000e+03
7.838000000000000000e+03
7.883000000000000000e+03
7.928000000000000000e+03
7.973000000000000000e+03
8.017000000000000000e+03
8.061000000000000000e+03
8.105000000000000000e+03
8.148000000000000000e+03
8.191000000000000000e+03
8.234000000000000000e+03
8.277000000000000000e+03
8.320000000000000000e+03
8.363000000000000000e+03
8.405000000000000000e+03
8.447000000000000000e+03
8.489000000000000000e+03
8.531000000000000000e+03
8.573000000000000000e+03
8.615000000000000000e+03
8.657000000000000000e+03
8.699000000000000000e+03
8.741000000000000000e+03
8.783000000000000000e+03
8.825000000000000000e+03
8.867000000000000000e+03
8.908000000000000000e+03
8.949000000000000000e+03
8.990000000000000000e+03
9.031000000000000000e+03
9.073000000000000000e+03
9.114000000000000000e+03
9.155000000000000000e+03
9.196000000000000000e+03
9.237000000000000000e+03
9.278000000000000000e+03
9.319000000000000000e+03
9.360000000000000000e+03
9.400000000000000000e+03
9.440000000000000000e+03
9.481000000000000000e+03
9.521000000000000000e+03
9.561000000000000000e+03
9.601000000000000000e+03
9.641000000000000000e+03
9.681000000000000000e+03
9.721000000000000000e+03
9.761000000000000000e+03
9.801000000000000000e+03
9.841000000000000000e+03
9.880000000000000000e+03
9.919000000000000000e+03
9.958000000000000000e+03
9.997000000000000000e+03
1.003600000000000000e+04
1.007500000000000000e+04
1.011400000000000000e+04
1.015200000000000000e+04
1.019100000000000000e+04
1.022900000000000000e+04
1.026700000000000000e+04
1.030600000000000000e+04
1.034400000000000000e+04
1.038200000000000000e+04
1.042000000000000000e+04
1.045800000000000000e+04
1.049600000000000000e+04
1.053400000000000000e+04
1.057200000000000000e+04
1.061000000000000000e+04
1.064800000000000000e+04
1.068600000000000000e+04
1.072400000000000000e+04
1.076200000000000000e+04
1.080000000000000000e+04
1.083800000000000000e+04
1.087600000000000000e+04
1.091400000000000000e+04
1.095200000000000000e+04
1.099000000000000000e+04
1.102800000000000000e+04
1.106600000000000000e+04
1.110400000000000000e+04
1.114200000000000000e+04
1.118000000000000000e+04
1.121800000000000000e+04
1.125700000000000000e+04
1.129500000000000000e+04
1.133400000000000000e+04
1.137300000000000000e+04
1.141200000000000000e+04
1.145100000000000000e+04
1.149000000000000000e+04
1.152900000000000000e+04
1.156900000000000000e+04
1.160900000000000000e+04
1.164900000000000000e+04
1.168900000000000000e+04
1.173000000000000000e+04
1.177000000000000000e+04
1.181100000000000000e+04
1.185200000000000000e+04
1.189300000000000000e+04
1.193500000000000000e+04
1.197700000000000000e+04
1.201900000000000000e+04
1.206100000000000000e+04
1.210300000000000000e+04
1.214600000000000000e+04
1.218900000000000000e+04
1.223200000000000000e+04
1.227600000000000000e+04
1.232000000000000000e+04
1.236400000000000000e+04
1.240900000000000000e+04
1.245400000000000000e+04
1.249800000000000000e+04
1.254300000000000000e+04
1.258800000000000000e+04
1.263300000000000000e+04
1.267900000000000000e+04
1.272500000000000000e+04
1.277100000000000000e+04
1.281800000000000000e+04
1.286500000000000000e+04
1.291200000000000000e+04
1.295800000000000000e+04
1.300500000000000000e+04
1.305200000000000000e+04
1.309900000000000000e+04
1.314600000000000000e+04
1.319300000000000000e+04
1.324000000000000000e+04
1.328700000000000000e+04
1.333400000000000000e+04
1.338100000000000000e+04
1.342700000000000000e+04
1.347400000000000000e+04
1.352100000000000000e+04
1.356700000000000000e+04
1.361300000000000000e+04
1.365900000000000000e+04
1.370400000000000000e+04
1.374900000000000000e+04
1.379400000000000000e+04
1.383900000000000000e+04
1.388300000000000000e+04
1.392700000000000000e+04
1.397000000000000000e+04
1.401300000000000000e+04
1.405500000000000000e+04
1.409800000000000000e+04
1.414100000000000000e+04
1.418300000000000000e+04
1.422500000000000000e+04
1.426600000000000000e+04
1.430700000000000000e+04
1.434800000000000000e+04
1.438800000000000000e+04
1.442800000000000000e+04
1.446800000000000000e+04
1.450700000000000000e+04
1.454600000000000000e+04
1.458500000000000000e+04
1.462400000000000000e+04
1.466300000000000000e+04
1.470100000000000000e+04
1.473900000000000000e+04
1.477700000000000000e+04
1.481500000000000000e+04
1.485300000000000000e+04
1.489000000000000000e+04
1.492700000000000000e+04
1.496400000000000000e+04
1.500100000000000000e+04
1.503900000000000000e+04
1.507600000000000000e+04
1.511400000000000000e+04
1.515200000000000000e+04
1.519000000000000000e+04
1.522700000000000000e+04
1.526400000000000000e+04
1.530100000000000000e+04
1.533800000000000000e+04
1.537400000000000000e+04
1.541000000000000000e+04
1.544600000000000000e+04
1.548100000000000000e+04
1.551600000000000000e+04
1.555100000000000000e+04
1.558600000000000000e+04
1.562100000000000000e+04
1.565600000000000000e+04
1.569100000000000000e+04
1.572600000000000000e+04
1.576100000000000000e+04
1.579600000000000000e+04
1.583100000000000000e+04
1.586600000000000000e+04
1.590100000000000000e+04
1.593600000000000000e+04
1.597100000000000000e+04
1.600600000000000000e+04
1.604100000000000000e+04
1.607700000000000000e+04
1.611300000000000000e+04
1.614900000000000000e+04
1.618500000000000000e+04
1.622100000000000000e+04
1.625700000000000000e+04
1.629300000000000000e+04
1.632900000000000000e+04
1.636600000000000000e+04
1.640300000000000000e+04
1.644000000000000000e+04
1.647700000000000000e+04
1.651400000000000000e+04
1.655100000000000000e+04
1.658900000000000000e+04
1.662700000000000000e+04
1.666500000000000000e+04
1.670300000000000000e+04
1.674200000000000000e+04
1.678200000000000000e+04
1.682200000000000000e+04
1.686200000000000000e+04
1.690300000000000000e+04
1.694400000000000000e+04
1.698600000000000000e+04
1.702800000000000000e+04
1.707100000000000000e+04
1.711400000000000000e+04
1.715800000000000000e+04
1.720300000000000000e+04
1.724800000000000000e+04
1.729400000000000000e+04
1.734100000000000000e+04
1.738800000000000000e+04
1.743600000000000000e+04
1.748500000000000000e+04
1.753500000000000000e+04
1.758500000000000000e+04
1.763600000000000000e+04
1.768800000000000000e+04
1.774100000000000000e+04
1.779400000000000000e+04
1.784800000000000000e+04
1.790300000000000000e+04
1.795800000000000000e+04
1.801300000000000000e+04
1.806800000000000000e+04
1.812400000000000000e+04
1.817900000000000000e+04
1.823500000000000000e+04
1.829100000000000000e+04
1.834500000000000000e+04
1.839800000000000000e+04
1.844800000000000000e+04
1.849700000000000000e+04
1.854400000000000000e+04
1.859000000000000000e+04
1.863500000000000000e+04
1.867900000000000000e+04
1.872200000000000000e+04
1.876400000000000000e+04
1.880500000000000000e+04
1.884500000000000000e+04
1.888400000000000000e+04
1.892300000000000000e+04
1.896100000000000000e+04
1.899800000000000000e+04
1.903500000000000000e+04
1.907100000000000000e+04
1.910600000000000000e+04
1.914000000000000000e+04
1.917400000000000000e+04
1.920800000000000000e+04
1.924100000000000000e+04
1.927400000000000000e+04
1.930600000000000000e+04
1.933800000000000000e+04
1.936900000000000000e+04
1.940000000000000000e+04
1.943100000000000000e+04
1.946200000000000000e+04
1.949200000000000000e+04
1.952200000000000000e+04
1.955200000000000000e+04
1.958200000000000000e+04
1.961100000000000000e+04
1.964000000000000000e+04
1.966900000000000000e+04
1.969800000000000000e+04
1.972700000000000000e+04
1.975600000000000000e+04
1.978500000000000000e+04
1.981300000000000000e+04
1.984100000000000000e+04
1.986900000000000000e+04
1.989700000000000000e+04
1.992500000000000000e+04
1.995300000000000000e+04
1.998100000000000000e+04
2.000900000000000000e+04
2.003700000000000000e+04
2.006500000000000000e+04
2.009300000000000000e+04
2.012100000000000000e+04
2.014900000000000000e+04
2.017700000000000000e+04
2.020500000000000000e+04
2.023300000000000000e+04
2.026100000000000000e+04
2.028900000000000000e+04
2.031800000000000000e+04
2.034700000000000000e+04
2.037600000000000000e+04
2.040500000000000000e+04
2.043400000000000000e+04
2.046300000000000000e+04
2.049200000000000000e+04
2.052100000000000000e+04
2.055100000000000000e+04
2.058100000000000000e+04
2.061100000000000000e+04
2.064100000000000000e+04
2.067100000000000000e+04
2.070100000000000000e+04
2.073200000000000000e+04
2.076300000000000000e+04
2.079400000000000000e+04
2.082600000000000000e+04
2.085800000000000000e+04
2.089000000000000000e+04
2.092200000000000000e+04
2.095500000000000000e+04
2.098800000000000000e+04
2.102100000000000000e+04
2.105500000000000000e+04
2.108900000000000000e+04
2.112400000000000000e+04
2.115900000000000000e+04
2.119400000000000000e+04
2.123000000000000000e+04
2.126600000000000000e+04
2.130300000000000000e+04
2.134000000000000000e+04
2.137800000000000000e+04
2.141700000000000000e+04
2.145600000000000000e+04
2.149600000000000000e+04
2.153700000000000000e+04
2.157800000000000000e+04
2.161900000000000000e+04
2.166100000000000000e+04
2.170300000000000000e+04
2.174500000000000000e+04
2.178700000000000000e+04
2.182900000000000000e+04
2.187200000000000000e+04
2.191600000000000000e+04
2.196000000000000000e+04
2.200500000000000000e+04
2.205000000000000000e+04
2.209600000000000000e+04
2.214300000000000000e+04
2.219100000000000000e+04
2.224000000000000000e+04
2.229000000000000000e+04
2.234100000000000000e+04
2.239300000000000000e+04
2.244600000000000000e+04
2.249800000000000000e+04
2.255000000000000000e+04
2.260200000000000000e+04
2.265400000000000000e+04
2.270600000000000000e+04
2.275800000000000000e+04
2.280900000000000000e+04
2.285900000000000000e+04
2.290900000000000000e+04
2.295900000000000000e+04
2.301000000000000000e+04
2.306100000000000000e+04
2.311100000000000000e+04
2.316100000000000000e+04
2.321000000000000000e+04
2.325900000000000000e+04
2.330800000000000000e+04
2.335700000000000000e+04
2.340700000000000000e+04
2.345700000000000000e+04
2.350700000000000000e+04
2.355600000000000000e+04
2.360600000000000000e+04
2.365700000000000000e+04
2.370800000000000000e+04
2.375900000000000000e+04
2.381100000000000000e+04
2.386300000000000000e+04
2.391600000000000000e+04
2.397000000000000000e+04
2.402400000000000000e+04
2.408000000000000000e+04
2.413800000000000000e+04
2.419800000000000000e+04
2.426100000000000000e+04
2.432500000000000000e+04
2.438900000000000000e+04
2.445200000000000000e+04
2.451300000000000000e+04
2.457300000000000000e+04
2.463200000000000000e+04
2.469000000000000000e+04
2.474700000000000000e+04
2.480200000000000000e+04
2.485700000000000000e+04
2.491000000000000000e+04
2.496300000000000000e+04
2.501500000000000000e+04
2.506600000000000000e+04
2.511600000000000000e+04
2.516600000000000000e+04
2.521500000000000000e+04
2.526300000000000000e+04
2.531000000000000000e+04
2.535700000000000000e+04
2.540300000000000000e+04
2.544900000000000000e+04
2.549400000000000000e+04
2.553800000000000000e+04
2.558200000000000000e+04
2.562500000000000000e+04
2.566800000000000000e+04
2.571000000000000000e+04
2.575200000000000000e+04
2.579400000000000000e+04
2.583500000000000000e+04
2.587600000000000000e+04
2.591700000000000000e+04
2.595800000000000000e+04
2.599800000000000000e+04
2.603800000000000000e+04
2.607800000000000000e+04
2.611800000000000000e+04
2.615800000000000000e+04
2.619600000000000000e+04
2.623300000000000000e+04
2.626900000000000000e+04
2.630500000000000000e+04
2.634000000000000000e+04
2.637400000000000000e+04
2.640700000000000000e+04
2.644000000000000000e+04
2.647200000000000000e+04
2.650400000000000000e+04
2.653500000000000000e+04
2.656600000000000000e+04
2.659700000000000000e+04
2.662700000000000000e+04
2.665700000000000000e+04
2.668700000000000000e+04
2.671600000000000000e+04
2.674500000000000000e+04
2.677400000000000000e+04
2.680300000000000000e+04
2.683200000000000000e+04
2.686100000000000000e+04
2.689000000000000000e+04
2.691900000000000000e+04
2.694800000000000000e+04
2.697600000000000000e+04
2.700400000000000000e+04
2.703200000000000000e+04
2.706100000000000000e+04
2.708900000000000000e+04
2.711700000000000000e+04
2.714500000000000000e+04
2.717400000000000000e+04
2.720200000000000000e+04
2.723000000000000000e+04
2.725800000000000000e+04
2.728700000000000000e+04
2.731600000000000000e+04
2.734500000000000000e+04
2.737400000000000000e+04
2.740300000000000000e+04
2.743200000000000000e+04
2.746100000000000000e+04
2.749000000000000000e+04
2.751900000000000000e+04
2.754800000000000000e+04
2.757700000000000000e+04
2.760700000000000000e+04
2.763700000000000000e+04
2.766700000000000000e+04
2.769700000000000000e+04
2.772700000000000000e+04
2.775700000000000000e+04
2.778700000000000000e+04
2.781700000000000000e+04
2.784700000000000000e+04
2.787700000000000000e+04
2.790700000000000000e+04
2.793700000000000000e+04
2.796700000000000000e+04
2.799700000000000000e+04
2.802700000000000000e+04
2.805700000000000000e+04
2.808700000000000000e+04
2.811700000000000000e+04
2.814700000000000000e+04
2.817700000000000000e+04
2.820700000000000000e+04
2.823700000000000000e+04
2.826700000000000000e+04
2.829700000000000000e+04
2.832700000000000000e+04
2.835600000000000000e+04
2.838600000000000000e+04
2.841600000000000000e+04
2.844600000000000000e+04
2.847500000000000000e+04
2.850400000000000000e+04
2.853400000000000000e+04
2.856300000000000000e+04
2.859200000000000000e+04
2.862100000000000000e+04
2.865000000000000000e+04
2.867900000000000000e+04
2.870800000000000000e+04
2.873700000000000000e+04
2.876600000000000000e+04
2.879500000000000000e+04
2.882400000000000000e+04
2.885300000000000000e+04
2.888200000000000000e+04
2.891100000000000000e+04
2.894000000000000000e+04
2.896900000000000000e+04
2.899800000000000000e+04
2.902700000000000000e+04
2.905700000000000000e+04
2.908700000000000000e+04
2.911700000000000000e+04
2.914700000000000000e+04
2.917700000000000000e+04
2.920700000000000000e+04
2.923700000000000000e+04
2.926700000000000000e+04
2.929700000000000000e+04
2.932800000000000000e+04
2.935900000000000000e+04
2.939000000000000000e+04
2.942100000000000000e+04
2.945300000000000000e+04
2.948500000000000000e+04
2.951700000000000000e+04
2.955000000000000000e+04
2.958300000000000000e+04
2.961600000000000000e+04
2.965000000000000000e+04
2.968400000000000000e+04
2.971800000000000000e+04
2.975300000000000000e+04
2.978800000000000000e+04
2.982300000000000000e+04
2.985900000000000000e+04
2.989500000000000000e+04
2.993200000000000000e+04
2.996900000000000000e+04
3.000600000000000000e+04
3.004500000000000000e+04
3.008400000000000000e+04
3.012400000000000000e+04
3.016400000000000000e+04
3.020500000000000000e+04
3.024700000000000000e+04
3.028900000000000000e+04
3.033200000000000000e+04
3.037500000000000000e+04
3.041900000000000000e+04
3.046300000000000000e+04
3.050800000000000000e+04
3.055400000000000000e+04
3.060000000000000000e+04
3.064700000000000000e+04
3.069400000000000000e+04
3.074200000000000000e+04
3.079000000000000000e+04
3.083900000000000000e+04
3.088800000000000000e+04
3.093800000000000000e+04
3.098800000000000000e+04
3.103800000000000000e+04
3.108900000000000000e+04
3.114100000000000000e+04
3.119400000000000000e+04
3.124800000000000000e+04
3.130400000000000000e+04
3.136000000000000000e+04
3.141600000000000000e+04
3.147300000000000000e+04
3.153200000000000000e+04
3.159100000000000000e+04
3.165000000000000000e+04
3.170800000000000000e+04
3.176500000000000000e+04
3.182200000000000000e+04
3.187900000000000000e+04
3.193500000000000000e+04
3.199100000000000000e+04
3.204700000000000000e+04
3.210300000000000000e+04
3.215900000000000000e+04
3.221500000000000000e+04
3.227100000000000000e+04
3.232800000000000000e+04
3.238400000000000000e+04
3.244100000000000000e+04
3.249800000000000000e+04
3.255500000000000000e+04
3.261300000000000000e+04
3.267100000000000000e+04
3.273000000000000000e+04
3.278900000000000000e+04
3.284800000000000000e+04
3.290800000000000000e+04
3.296800000000000000e+04
3.302900000000000000e+04
3.309000000000000000e+04
3.315100000000000000e+04
3.321200000000000000e+04
3.327300000000000000e+04
3.333500000000000000e+04
3.339600000000000000e+04
3.345800000000000000e+04
3.352000000000000000e+04
3.358100000000000000e+04
3.364300000000000000e+04
3.370500000000000000e+04
3.376700000000000000e+04
3.383000000000000000e+04
3.389200000000000000e+04
3.395400000000000000e+04
3.401600000000000000e+04
3.407700000000000000e+04
3.413800000000000000e+04
3.419900000000000000e+04
3.425900000000000000e+04
3.431900000000000000e+04
3.438000000000000000e+04
3.444000000000000000e+04
3.449900000000000000e+04
3.455900000000000000e+04
3.461800000000000000e+04
3.467600000000000000e+04
3.473500000000000000e+04
3.479400000000000000e+04
3.485300000000000000e+04
3.491200000000000000e+04
3.497100000000000000e+04
3.503000000000000000e+04
3.508900000000000000e+04
3.514800000000000000e+04
3.520700000000000000e+04
3.526600000000000000e+04
3.532400000000000000e+04
3.538100000000000000e+04
3.543700000000000000e+04
3.549200000000000000e+04
3.554600000000000000e+04
3.560000000000000000e+04
3.565300000000000000e+04
3.570600000000000000e+04
3.575800000000000000e+04
3.581000000000000000e+04
3.586200000000000000e+04
3.591300000000000000e+04
3.596400000000000000e+04
3.601500000000000000e+04
3.606500000000000000e+04
3.611500000000000000e+04
3.616500000000000000e+04
3.621500000000000000e+04
3.626500000000000000e+04
3.631500000000000000e+04
3.636400000000000000e+04
3.641300000000000000e+04
3.646200000000000000e+04
3.651100000000000000e+04
3.656000000000000000e+04
3.660900000000000000e+04
3.665800000000000000e+04
3.670700000000000000e+04
3.675600000000000000e+04
3.680500000000000000e+04
3.685400000000000000e+04
3.690300000000000000e+04
3.695200000000000000e+04
3.700100000000000000e+04
3.705000000000000000e+04
3.709900000000000000e+04
3.714800000000000000e+04
3.719700000000000000e+04
3.724600000000000000e+04
3.729500000000000000e+04
3.734300000000000000e+04
3.739100000000000000e+04
3.743900000000000000e+04
3.748700000000000000e+04
3.753500000000000000e+04
3.758300000000000000e+04
3.763100000000000000e+04
3.767900000000000000e+04
3.772700000000000000e+04
3.777500000000000000e+04
3.782300000000000000e+04
3.787100000000000000e+04
3.791900000000000000e+04
3.796700000000000000e+04
3.801500000000000000e+04
3.806300000000000000e+04
3.811100000000000000e+04
3.815900000000000000e+04
3.820700000000000000e+04
3.825500000000000000e+04
3.830400000000000000e+04
3.835300000000000000e+04
3.840200000000000000e+04
3.845100000000000000e+04
3.850000000000000000e+04
3.854900000000000000e+04
3.859600000000000000e+04
3.864300000000000000e+04
3.868900000000000000e+04
3.873500000000000000e+04
3.878000000000000000e+04
3.882500000000000000e+04
3.887000000000000000e+04
3.891500000000000000e+04
3.896000000000000000e+04
3.900400000000000000e+04
3.904800000000000000e+04
3.909200000000000000e+04
3.913700000000000000e+04
3.918200000000000000e+04
3.922700000000000000e+04
3.927200000000000000e+04
3.931700000000000000e+04
3.936200000000000000e+04
3.940800000000000000e+04
3.945400000000000000e+04
3.950100000000000000e+04
3.954800000000000000e+04
3.959600000000000000e+04
3.964500000000000000e+04
3.969500000000000000e+04
3.974600000000000000e+04
3.979800000000000000e+04
3.985100000000000000e+04
3.990600000000000000e+04
3.996300000000000000e+04
4.002100000000000000e+04
4.008100000000000000e+04
4.014400000000000000e+04
4.020900000000000000e+04
4.027600000000000000e+04
4.034700000000000000e+04
4.042000000000000000e+04
4.049400000000000000e+04
4.057000000000000000e+04
4.064800000000000000e+04
4.072500000000000000e+04
4.079900000000000000e+04
4.087200000000000000e+04
4.094300000000000000e+04
4.101300000000000000e+04
4.108000000000000000e+04
4.114600000000000000e+04
4.121000000000000000e+04
4.127300000000000000e+04
4.133500000000000000e+04
4.139500000000000000e+04
4.145400000000000000e+04
4.151100000000000000e+04
4.156700000000000000e+04
4.162200000000000000e+04
4.167600000000000000e+04
4.172900000000000000e+04
4.178100000000000000e+04
4.183200000000000000e+04
4.188200000000000000e+04
4.193100000000000000e+04
4.197800000000000000e+04
4.202400000000000000e+04
4.206900000000000000e+04
4.211300000000000000e+04
4.215500000000000000e+04
4.219600000000000000e+04
4.223600000000000000e+04
4.227600000000000000e+04
4.231500000000000000e+04
4.235300000000000000e+04
4.239100000000000000e+04
4.242800000000000000e+04
4.246500000000000000e+04
4.250100000000000000e+04
4.253700000000000000e+04
4.257200000000000000e+04
4.260700000000000000e+04
4.264200000000000000e+04
4.267700000000000000e+04
4.271100000000000000e+04
4.274500000000000000e+04
4.277900000000000000e+04
4.281300000000000000e+04
4.284700000000000000e+04
4.288100000000000000e+04
4.291500000000000000e+04
4.294900000000000000e+04
4.298300000000000000e+04
4.301700000000000000e+04
4.305100000000000000e+04
4.308500000000000000e+04
4.311900000000000000e+04
4.315400000000000000e+04
4.318900000000000000e+04
4.322400000000000000e+04
4.326000000000000000e+04
4.329600000000000000e+04
4.333200000000000000e+04
4.336800000000000000e+04
4.340500000000000000e+04
4.344200000000000000e+04
4.348000000000000000e+04
4.351900000000000000e+04
4.355800000000000000e+04
4.359800000000000000e+04
4.363900000000000000e+04
4.368000000000000000e+04
4.372200000000000000e+04
4.376500000000000000e+04
4.380900000000000000e+04
4.385500000000000000e+04
4.390100000000000000e+04
4.394700000000000000e+04
4.399300000000000000e+04
4.403800000000000000e+04
4.408300000000000000e+04
4.412800000000000000e+04
4.417300000000000000e+04
4.421700000000000000e+04
4.426100000000000000e+04
4.430500000000000000e+04
4.434900000000000000e+04
4.439200000000000000e+04
4.443500000000000000e+04
4.447800000000000000e+04
4.452100000000000000e+04
4.456400000000000000e+04
4.460700000000000000e+04
4.465000000000000000e+04
4.469300000000000000e+04
4.473600000000000000e+04
4.477800000000000000e+04
4.482000000000000000e+04
4.486200000000000000e+04
4.490300000000000000e+04
4.494200000000000000e+04
4.498000000000000000e+04
4.501800000000000000e+04
4.505500000000000000e+04
4.509100000000000000e+04
4.512600000000000000e+04
4.516000000000000000e+04
4.519400000000000000e+04
4.522700000000000000e+04
4.526000000000000000e+04
4.529200000000000000e+04
4.532400000000000000e+04
4.535500000000000000e+04
4.538600000000000000e+04
4.541600000000000000e+04
4.544600000000000000e+04
4.547600000000000000e+04
4.550600000000000000e+04
4.553500000000000000e+04
4.556400000000000000e+04
4.559300000000000000e+04
4.562200000000000000e+04
4.565100000000000000e+04
4.567900000000000000e+04
4.570700000000000000e+04
4.573500000000000000e+04
4.576300000000000000e+04
4.579100000000000000e+04
4.581900000000000000e+04
4.584700000000000000e+04
4.587500000000000000e+04
4.590300000000000000e+04
4.593100000000000000e+04
4.595900000000000000e+04
4.598700000000000000e+04
4.601500000000000000e+04
4.604300000000000000e+04
4.607100000000000000e+04
4.610000000000000000e+04
4.612900000000000000e+04
4.615800000000000000e+04
4.618700000000000000e+04
4.621600000000000000e+04
4.624500000000000000e+04
4.627500000000000000e+04
4.630500000000000000e+04
4.633500000000000000e+04
4.636500000000000000e+04
4.639600000000000000e+04
4.642700000000000000e+04
4.645900000000000000e+04
4.649100000000000000e+04
4.652300000000000000e+04
4.655600000000000000e+04
4.658900000000000000e+04
4.662300000000000000e+04
4.665700000000000000e+04
4.669200000000000000e+04
4.672800000000000000e+04
4.676500000000000000e+04
4.680300000000000000e+04
4.684200000000000000e+04
4.688100000000000000e+04
4.692100000000000000e+04
4.696300000000000000e+04
4.700600000000000000e+04
4.705100000000000000e+04
4.709600000000000000e+04
4.714200000000000000e+04
4.719000000000000000e+04
4.723800000000000000e+04
4.728500000000000000e+04
4.733100000000000000e+04
4.737700000000000000e+04
4.742200000000000000e+04
4.746600000000000000e+04
4.751000000000000000e+04
4.755300000000000000e+04
4.759500000000000000e+04
4.763700000000000000e+04
4.767900000000000000e+04
4.772000000000000000e+04
4.776100000000000000e+04
4.780100000000000000e+04
4.784100000000000000e+04
4.788100000000000000e+04
4.792100000000000000e+04
4.796100000000000000e+04
4.800100000000000000e+04
4.804000000000000000e+04
4.808000000000000000e+04
4.811900000000000000e+04
4.815800000000000000e+04
4.819700000000000000e+04
4.823700000000000000e+04
4.827700000000000000e+04
4.831700000000000000e+04
4.835700000000000000e+04
4.839800000000000000e+04
4.843900000000000000e+04
4.848000000000000000e+04
4.852200000000000000e+04
4.856500000000000000e+04
4.860700000000000000e+04
4.864900000000000000e+04
4.869100000000000000e+04
4.873300000000000000e+04
4.877500000000000000e+04
4.881700000000000000e+04
4.885900000000000000e+04
4.890100000000000000e+04
4.894300000000000000e+04
4.898500000000000000e+04
4.902800000000000000e+04
4.907000000000000000e+04
4.911200000000000000e+04
4.915500000000000000e+04
4.919800000000000000e+04
4.924200000000000000e+04
4.928600000000000000e+04
4.933000000000000000e+04
4.937400000000000000e+04
4.941900000000000000e+04
4.946400000000000000e+04
4.951000000000000000e+04
4.955500000000000000e+04
4.960000000000000000e+04
4.964400000000000000e+04
4.968800000000000000e+04
4.973200000000000000e+04
4.977600000000000000e+04
4.981900000000000000e+04
4.986200000000000000e+04
4.990400000000000000e+04
4.994600000000000000e+04
4.998800000000000000e+04
5.003000000000000000e+04
5.007100000000000000e+04
5.011200000000000000e+04
5.015300000000000000e+04
5.019300000000000000e+04
5.023300000000000000e+04
5.027300000000000000e+04
5.031200000000000000e+04
5.035100000000000000e+04
5.038900000000000000e+04
5.042700000000000000e+04
5.046500000000000000e+04
5.050300000000000000e+04
5.054000000000000000e+04
5.057700000000000000e+04
5.061400000000000000e+04
5.065000000000000000e+04
5.068600000000000000e+04
5.072200000000000000e+04
5.075800000000000000e+04
5.079400000000000000e+04
5.082900000000000000e+04
5.086400000000000000e+04
5.089900000000000000e+04
5.093400000000000000e+04
5.096900000000000000e+04
5.100400000000000000e+04
5.103900000000000000e+04
5.107300000000000000e+04
5.110700000000000000e+04
5.114100000000000000e+04
5.117500000000000000e+04
5.120900000000000000e+04
5.124300000000000000e+04
5.127700000000000000e+04
5.131100000000000000e+04
5.134600000000000000e+04
5.138100000000000000e+04
5.141600000000000000e+04
5.145100000000000000e+04
5.148600000000000000e+04
5.152100000000000000e+04
5.155700000000000000e+04
5.159300000000000000e+04
5.162900000000000000e+04
5.166600000000000000e+04
5.170300000000000000e+04
5.174100000000000000e+04
5.177800000000000000e+04
5.181500000000000000e+04
5.185200000000000000e+04
5.188900000000000000e+04
5.192500000000000000e+04
5.196100000000000000e+04
5.199700000000000000e+04
5.203300000000000000e+04
5.206900000000000000e+04
5.210500000000000000e+04
5.214100000000000000e+04
5.217700000000000000e+04
5.221400000000000000e+04
5.225000000000000000e+04
5.228700000000000000e+04
5.232400000000000000e+04
5.236100000000000000e+04
5.239800000000000000e+04
5.243600000000000000e+04
5.247400000000000000e+04
5.251200000000000000e+04
5.255100000000000000e+04
5.259000000000000000e+04
5.262900000000000000e+04
5.266900000000000000e+04
5.270900000000000000e+04
5.275000000000000000e+04
5.279100000000000000e+04
5.283300000000000000e+04
5.287500000000000000e+04
5.291800000000000000e+04
5.296200000000000000e+04
5.300600000000000000e+04
5.305000000000000000e+04
5.309400000000000000e+04
5.313700000000000000e+04
5.318000000000000000e+04
5.322300000000000000e+04
5.326600000000000000e+04
5.330900000000000000e+04
5.335200000000000000e+04
5.339500000000000000e+04
5.343800000000000000e+04
5.348100000000000000e+04
5.352400000000000000e+04
5.356700000000000000e+04
5.361000000000000000e+04
5.365400000000000000e+04
5.369800000000000000e+04
5.374200000000000000e+04
5.378600000000000000e+04
5.383100000000000000e+04
5.387600000000000000e+04
5.392100000000000000e+04
5.396700000000000000e+04
5.401300000000000000e+04
5.406000000000000000e+04
5.410700000000000000e+04
5.415400000000000000e+04
5.420000000000000000e+04
5.424600000000000000e+04
5.429100000000000000e+04
5.433600000000000000e+04
5.438000000000000000e+04
5.442400000000000000e+04
5.446800000000000000e+04
5.451200000000000000e+04
5.455500000000000000e+04
5.459800000000000000e+04
5.464100000000000000e+04
5.468400000000000000e+04
5.472700000000000000e+04
5.477000000000000000e+04
5.481300000000000000e+04
5.485600000000000000e+04
5.489900000000000000e+04
5.494200000000000000e+04
5.498500000000000000e+04
5.502900000000000000e+04
5.507300000000000000e+04
5.511800000000000000e+04
5.516300000000000000e+04
5.520900000000000000e+04
5.525500000000000000e+04
5.530200000000000000e+04
5.534900000000000000e+04
5.539500000000000000e+04
5.544000000000000000e+04
5.548500000000000000e+04
5.552900000000000000e+04
5.557200000000000000e+04
5.561500000000000000e+04
5.565700000000000000e+04
5.569800000000000000e+04
5.573900000000000000e+04
5.578000000000000000e+04
5.582000000000000000e+04
5.585900000000000000e+04
5.589800000000000000e+04
5.593600000000000000e+04
5.597400000000000000e+04
5.601200000000000000e+04
5.604900000000000000e+04
5.608600000000000000e+04
5.612200000000000000e+04
5.615800000000000000e+04
5.619400000000000000e+04
5.622900000000000000e+04
5.626400000000000000e+04
5.629900000000000000e+04
5.633400000000000000e+04
5.636800000000000000e+04
5.640200000000000000e+04
5.643600000000000000e+04
5.646900000000000000e+04
5.650200000000000000e+04
5.653500000000000000e+04
5.656800000000000000e+04
5.660000000000000000e+04
5.663200000000000000e+04
5.666400000000000000e+04
5.669600000000000000e+04
5.672800000000000000e+04
5.676000000000000000e+04
5.679200000000000000e+04
5.682300000000000000e+04
5.685400000000000000e+04
5.688500000000000000e+04
5.691600000000000000e+04
5.694700000000000000e+04
5.697800000000000000e+04
5.700900000000000000e+04
5.704000000000000000e+04
5.707100000000000000e+04
5.710200000000000000e+04
5.713300000000000000e+04
5.716400000000000000e+04
5.719500000000000000e+04
5.722600000000000000e+04
5.725800000000000000e+04
5.729000000000000000e+04
5.732200000000000000e+04
5.735400000000000000e+04
5.738600000000000000e+04
5.741900000000000000e+04
5.745100000000000000e+04
5.748300000000000000e+04
5.751500000000000000e+04
5.754700000000000000e+04
5.757900000000000000e+04
5.761100000000000000e+04
5.764300000000000000e+04
5.767400000000000000e+04
5.770500000000000000e+04
5.773700000000000000e+04
5.776800000000000000e+04
5.779900000000000000e+04
5.783000000000000000e+04
5.786200000000000000e+04
5.789400000000000000e+04
5.792600000000000000e+04
5.795800000000000000e+04
5.799000000000000000e+04
5.802200000000000000e+04
5.805400000000000000e+04
5.808700000000000000e+04
5.812000000000000000e+04
5.815300000000000000e+04
5.818600000000000000e+04
5.822000000000000000e+04
5.825400000000000000e+04
5.828900000000000000e+04
5.832400000000000000e+04
5.835900000000000000e+04
5.839500000000000000e+04
5.843100000000000000e+04
5.846700000000000000e+04
5.850400000000000000e+04
5.854200000000000000e+04
5.858000000000000000e+04
5.861900000000000000e+04
5.865800000000000000e+04
5.869800000000000000e+04
5.873800000000000000e+04
5.877900000000000000e+04
5.882100000000000000e+04
5.886300000000000000e+04
5.890600000000000000e+04
5.894900000000000000e+04
5.899300000000000000e+04
5.903800000000000000e+04
5.908400000000000000e+04
5.913100000000000000e+04
5.917800000000000000e+04
5.922400000000000000e+04
5.926900000000000000e+04
5.931400000000000000e+04
5.935800000000000000e+04
5.940100000000000000e+04
5.944400000000000000e+04
5.948700000000000000e+04
5.952900000000000000e+04
5.957100000000000000e+04
5.961200000000000000e+04
5.965300000000000000e+04
5.969300000000000000e+04
5.973300000000000000e+04
5.977300000000000000e+04
5.981200000000000000e+04
5.985100000000000000e+04
5.989000000000000000e+04
5.992900000000000000e+04
5.996700000000000000e+04
6.000500000000000000e+04
6.004300000000000000e+04
6.008100000000000000e+04
6.011900000000000000e+04
6.015700000000000000e+04
6.019500000000000000e+04
6.023300000000000000e+04
6.027100000000000000e+04
6.030900000000000000e+04
6.034700000000000000e+04
6.038500000000000000e+04
6.042300000000000000e+04
6.046100000000000000e+04
6.049800000000000000e+04
6.053500000000000000e+04
6.057100000000000000e+04
6.060700000000000000e+04
6.064300000000000000e+04
6.067800000000000000e+04
6.071300000000000000e+04
6.074800000000000000e+04
6.078300000000000000e+04
6.081800000000000000e+04
6.085300000000000000e+04
6.088700000000000000e+04
6.092100000000000000e+04
6.095500000000000000e+04
6.098900000000000000e+04
6.102200000000000000e+04
6.105600000000000000e+04
6.109000000000000000e+04
6.112400000000000000e+04
6.115700000000000000e+04
6.119000000000000000e+04
6.122300000000000000e+04
6.125700000000000000e+04
6.129000000000000000e+04
6.132400000000000000e+04
6.135700000000000000e+04
6.139100000000000000e+04
6.142500000000000000e+04
6.145800000000000000e+04
6.149200000000000000e+04
6.152600000000000000e+04
6.156000000000000000e+04
6.159400000000000000e+04
6.162800000000000000e+04
6.166300000000000000e+04
6.169800000000000000e+04
6.173300000000000000e+04
6.176800000000000000e+04
6.180300000000000000e+04
6.183800000000000000e+04
6.187400000000000000e+04
6.191000000000000000e+04
6.194700000000000000e+04
6.198400000000000000e+04
6.202100000000000000e+04
6.205900000000000000e+04
6.209700000000000000e+04
6.213500000000000000e+04
6.217400000000000000e+04
6.221300000000000000e+04
6.225300000000000000e+04
6.229300000000000000e+04
6.233400000000000000e+04
6.237500000000000000e+04
6.241600000000000000e+04
6.245700000000000000e+04
6.249800000000000000e+04
6.253800000000000000e+04
6.257900000000000000e+04
6.261900000000000000e+04
6.266000000000000000e+04
6.270100000000000000e+04
6.274200000000000000e+04
6.278200000000000000e+04
6.282300000000000000e+04
6.286400000000000000e+04
6.290500000000000000e+04
6.294600000000000000e+04
6.298800000000000000e+04
6.303000000000000000e+04
6.307200000000000000e+04
6.311400000000000000e+04
6.315700000000000000e+04
6.320000000000000000e+04
6.324400000000000000e+04
6.328800000000000000e+04
6.333200000000000000e+04
6.337700000000000000e+04
6.342300000000000000e+04
6.346900000000000000e+04
6.351600000000000000e+04
6.356400000000000000e+04
6.361300000000000000e+04
6.366300000000000000e+04
6.371400000000000000e+04
6.376700000000000000e+04
6.382100000000000000e+04
6.387700000000000000e+04
6.393500000000000000e+04
6.399600000000000000e+04
6.406000000000000000e+04
6.412300000000000000e+04
6.418400000000000000e+04
6.424200000000000000e+04
6.429900000000000000e+04
6.435400000000000000e+04
6.440800000000000000e+04
6.446000000000000000e+04
6.451100000000000000e+04
6.456100000000000000e+04
6.461000000000000000e+04
6.465800000000000000e+04
6.470500000000000000e+04
6.475100000000000000e+04
6.479700000000000000e+04
6.484200000000000000e+04
6.488700000000000000e+04
6.493100000000000000e+04
6.497500000000000000e+04
6.501800000000000000e+04
6.506200000000000000e+04
6.510500000000000000e+04
6.514700000000000000e+04
6.518900000000000000e+04
6.523100000000000000e+04
6.527200000000000000e+04
6.531300000000000000e+04
6.535300000000000000e+04
6.539300000000000000e+04
6.543300000000000000e+04
6.547300000000000000e+04
6.551300000000000000e+04
6.555300000000000000e+04
6.559300000000000000e+04
6.563300000000000000e+04
6.567300000000000000e+04
6.571300000000000000e+04
6.575300000000000000e+04
6.579300000000000000e+04
6.583300000000000000e+04
6.587400000000000000e+04
6.591500000000000000e+04
6.595600000000000000e+04
6.599700000000000000e+04
6.603900000000000000e+04
6.608100000000000000e+04
6.612400000000000000e+04
6.616700000000000000e+04
6.621000000000000000e+04
6.625400000000000000e+04
6.629900000000000000e+04
6.634400000000000000e+04
6.639000000000000000e+04
6.643700000000000000e+04
6.648400000000000000e+04
6.653200000000000000e+04
6.658100000000000000e+04
6.663200000000000000e+04
6.668400000000000000e+04
6.673700000000000000e+04
6.679100000000000000e+04
6.684600000000000000e+04
6.690200000000000000e+04
6.696000000000000000e+04
6.701900000000000000e+04
6.708000000000000000e+04
6.714200000000000000e+04
6.720500000000000000e+04
6.727000000000000000e+04
6.733700000000000000e+04
6.740600000000000000e+04
6.747600000000000000e+04
6.754700000000000000e+04
6.762200000000000000e+04
6.769700000000000000e+04
6.777400000000000000e+04
6.785200000000000000e+04
6.793300000000000000e+04
6.801700000000000000e+04
6.810100000000000000e+04
6.818600000000000000e+04
6.827400000000000000e+04
6.836400000000000000e+04
6.845400000000000000e+04
6.854900000000000000e+04
6.864200000000000000e+04
6.873700000000000000e+04
6.882800000000000000e+04
6.891800000000000000e+04
6.900500000000000000e+04
6.909100000000000000e+04
6.917300000000000000e+04
6.925500000000000000e+04
6.933600000000000000e+04
6.941700000000000000e+04
6.949500000000000000e+04
6.957200000000000000e+04
6.964800000000000000e+04
6.972300000000000000e+04
6.979700000000000000e+04
6.987000000000000000e+04
6.994300000000000000e+04
7.001400000000000000e+04
7.008600000000000000e+04
7.015600000000000000e+04
7.022400000000000000e+04
7.029300000000000000e+04
7.036000000000000000e+04
7.042600000000000000e+04
7.049200000000000000e+04
7.055700000000000000e+04
7.062100000000000000e+04
7.068500000000000000e+04
7.074800000000000000e+04
7.081000000000000000e+04
7.087200000000000000e+04
7.093300000000000000e+04
7.099300000000000000e+04
7.105300000000000000e+04
7.111200000000000000e+04
7.117100000000000000e+04
7.122800000000000000e+04
7.128500000000000000e+04
7.134200000000000000e+04
7.139800000000000000e+04
7.145300000000000000e+04
7.150700000000000000e+04
7.156100000000000000e+04
7.161400000000000000e+04
7.166700000000000000e+04
7.171900000000000000e+04
7.177100000000000000e+04
7.182200000000000000e+04
7.187200000000000000e+04
7.192200000000000000e+04
7.197200000000000000e+04
7.202100000000000000e+04
7.206900000000000000e+04
7.211700000000000000e+04
7.216500000000000000e+04
7.221200000000000000e+04
7.225900000000000000e+04
7.230500000000000000e+04
7.235000000000000000e+04
7.239500000000000000e+04
7.244000000000000000e+04
7.248400000000000000e+04
7.252700000000000000e+04
7.257000000000000000e+04
7.261300000000000000e+04
7.265500000000000000e+04
7.269600000000000000e+04
7.273700000000000000e+04
7.277800000000000000e+04
7.281900000000000000e+04
7.285900000000000000e+04
7.289900000000000000e+04
7.293900000000000000e+04
7.297900000000000000e+04
7.301800000000000000e+04
7.305700000000000000e+04
7.309600000000000000e+04
7.313500000000000000e+04
7.317300000000000000e+04
7.321100000000000000e+04
7.324900000000000000e+04
7.328700000000000000e+04
7.332500000000000000e+04
7.336200000000000000e+04
7.339900000000000000e+04
7.343600000000000000e+04
7.347200000000000000e+04
7.350800000000000000e+04
7.354400000000000000e+04
7.358000000000000000e+04
7.361600000000000000e+04
7.365100000000000000e+04
7.368600000000000000e+04
7.372100000000000000e+04
7.375600000000000000e+04
7.379000000000000000e+04
7.382400000000000000e+04
7.385800000000000000e+04
7.389200000000000000e+04
7.392600000000000000e+04
7.395900000000000000e+04
7.399200000000000000e+04
7.402500000000000000e+04
7.405700000000000000e+04
7.408900000000000000e+04
7.412100000000000000e+04
7.415300000000000000e+04
7.418500000000000000e+04
7.421700000000000000e+04
7.424900000000000000e+04
7.428000000000000000e+04
7.431100000000000000e+04
7.434200000000000000e+04
7.437300000000000000e+04
7.440400000000000000e+04
7.443500000000000000e+04
7.446600000000000000e+04
7.449700000000000000e+04
7.452700000000000000e+04
7.455700000000000000e+04
7.458700000000000000e+04
7.461700000000000000e+04
7.464700000000000000e+04
7.467700000000000000e+04
7.470700000000000000e+04
7.473700000000000000e+04
7.476700000000000000e+04
7.479700000000000000e+04
7.482700000000000000e+04
7.485700000000000000e+04
7.488700000000000000e+04
7.491800000000000000e+04
7.494900000000000000e+04
7.498000000000000000e+04
7.501100000000000000e+04
7.504300000000000000e+04
7.507500000000000000e+04
7.510700000000000000e+04
7.513900000000000000e+04
7.517200000000000000e+04
7.520500000000000000e+04
7.523800000000000000e+04
7.527200000000000000e+04
7.530600000000000000e+04
7.534100000000000000e+04
7.537700000000000000e+04
7.541300000000000000e+04
7.545000000000000000e+04
7.548800000000000000e+04
7.552700000000000000e+04
7.556600000000000000e+04
7.560600000000000000e+04
7.564700000000000000e+04
7.568900000000000000e+04
7.573200000000000000e+04
7.577600000000000000e+04
7.582100000000000000e+04
7.586700000000000000e+04
7.591400000000000000e+04
7.596200000000000000e+04
7.601200000000000000e+04
7.606300000000000000e+04
7.611600000000000000e+04
7.617000000000000000e+04
7.622600000000000000e+04
7.628400000000000000e+04
7.634300000000000000e+04
7.640500000000000000e+04
7.646800000000000000e+04
7.653400000000000000e+04
7.660300000000000000e+04
7.667300000000000000e+04
7.674600000000000000e+04
7.682200000000000000e+04
7.690000000000000000e+04
7.698000000000000000e+04
7.706100000000000000e+04
7.714300000000000000e+04
7.722600000000000000e+04
7.731000000000000000e+04
7.739400000000000000e+04
7.748000000000000000e+04
7.756500000000000000e+04
7.765100000000000000e+04
7.773900000000000000e+04
7.782700000000000000e+04
7.791500000000000000e+04
7.800400000000000000e+04
7.809400000000000000e+04
7.818500000000000000e+04
7.827600000000000000e+04
7.836800000000000000e+04
7.846000000000000000e+04
7.855300000000000000e+04
7.864700000000000000e+04
7.874100000000000000e+04
7.883600000000000000e+04
7.892800000000000000e+04
7.902300000000000000e+04
7.911400000000000000e+04
7.920300000000000000e+04
7.929100000000000000e+04
7.937700000000000000e+04
7.946200000000000000e+04
7.954500000000000000e+04
7.962800000000000000e+04
7.970600000000000000e+04
7.978400000000000000e+04
7.985900000000000000e+04
7.993300000000000000e+04
8.000400000000000000e+04
8.007300000000000000e+04
8.014000000000000000e+04
8.020700000000000000e+04
8.027100000000000000e+04
8.033500000000000000e+04
8.039800000000000000e+04
8.045900000000000000e+04
8.051900000000000000e+04
8.057900000000000000e+04
8.063700000000000000e+04
8.069500000000000000e+04
8.075200000000000000e+04
8.080800000000000000e+04
8.086400000000000000e+04
8.091900000000000000e+04
8.097300000000000000e+04
8.102800000000000000e+04
8.108200000000000000e+04
8.113500000000000000e+04
8.118800000000000000e+04
8.124100000000000000e+04
8.129400000000000000e+04
8.134700000000000000e+04
8.140000000000000000e+04
8.145200000000000000e+04
8.150400000000000000e+04
8.155600000000000000e+04
8.160900000000000000e+04
8.166100000000000000e+04
8.171400000000000000e+04
8.176800000000000000e+04
8.182200000000000000e+04
8.187700000000000000e+04
8.193100000000000000e+04
8.198600000000000000e+04
8.204200000000000000e+04
8.209900000000000000e+04
8.215500000000000000e+04
8.221100000000000000e+04
8.226700000000000000e+04
8.232500000000000000e+04
8.238300000000000000e+04
8.244200000000000000e+04
8.250300000000000000e+04
8.256500000000000000e+04
8.262800000000000000e+04
8.269500000000000000e+04
8.276400000000000000e+04
8.283700000000000000e+04
8.291400000000000000e+04
8.299100000000000000e+04
8.306600000000000000e+04
8.313800000000000000e+04
8.320900000000000000e+04
8.327800000000000000e+04
8.334500000000000000e+04
8.341200000000000000e+04
8.347800000000000000e+04
8.354300000000000000e+04
8.360800000000000000e+04
8.367300000000000000e+04
8.373700000000000000e+04
8.380100000000000000e+04
8.386300000000000000e+04
8.392300000000000000e+04
8.398200000000000000e+04
8.404000000000000000e+04
8.409600000000000000e+04
8.415100000000000000e+04
8.420600000000000000e+04
8.425900000000000000e+04
8.431100000000000000e+04
8.436300000000000000e+04
8.441400000000000000e+04
8.446400000000000000e+04
8.451400000000000000e+04
8.456300000000000000e+04
8.461200000000000000e+04
8.466100000000000000e+04
8.471000000000000000e+04
8.475900000000000000e+04
8.480800000000000000e+04
8.485700000000000000e+04
8.490600000000000000e+04
8.495500000000000000e+04
8.500400000000000000e+04
8.505300000000000000e+04
8.510200000000000000e+04
8.515000000000000000e+04
8.519800000000000000e+04
8.524500000000000000e+04
8.529200000000000000e+04
8.533900000000000000e+04
8.538600000000000000e+04
8.543200000000000000e+04
8.547800000000000000e+04
8.552400000000000000e+04
8.557100000000000000e+04
8.561700000000000000e+04
8.566300000000000000e+04
8.570800000000000000e+04
8.575200000000000000e+04
8.579600000000000000e+04
8.583900000000000000e+04
8.588200000000000000e+04
8.592500000000000000e+04
8.596700000000000000e+04
8.600900000000000000e+04
8.605000000000000000e+04
8.609100000000000000e+04
8.613200000000000000e+04
8.617300000000000000e+04
8.621300000000000000e+04
8.625300000000000000e+04
8.629300000000000000e+04
8.633300000000000000e+04
8.637300000000000000e+04
8.641300000000000000e+04
8.645200000000000000e+04
8.649200000000000000e+04
8.653200000000000000e+04
8.657100000000000000e+04
8.661100000000000000e+04
8.665000000000000000e+04
8.668900000000000000e+04
8.672800000000000000e+04
8.676700000000000000e+04
8.680700000000000000e+04
8.684600000000000000e+04
8.688600000000000000e+04
8.692600000000000000e+04
8.696600000000000000e+04
8.700600000000000000e+04
8.704600000000000000e+04
8.708600000000000000e+04
8.712600000000000000e+04
8.716600000000000000e+04
8.720600000000000000e+04
8.724600000000000000e+04
8.728700000000000000e+04
8.732800000000000000e+04
8.736900000000000000e+04
8.741000000000000000e+04
8.745100000000000000e+04
8.749200000000000000e+04
8.753300000000000000e+04
8.757400000000000000e+04
8.761500000000000000e+04
8.765600000000000000e+04
8.769700000000000000e+04
8.773800000000000000e+04
8.777900000000000000e+04
8.782000000000000000e+04
8.786000000000000000e+04
8.790000000000000000e+04
8.794000000000000000e+04
8.798000000000000000e+04
8.802000000000000000e+04
8.806000000000000000e+04
8.810000000000000000e+04
8.814000000000000000e+04
8.818000000000000000e+04
8.822000000000000000e+04
8.826000000000000000e+04
8.830000000000000000e+04
8.834000000000000000e+04
8.838000000000000000e+04
8.842000000000000000e+04
8.846000000000000000e+04
8.850000000000000000e+04
8.854000000000000000e+04
8.858000000000000000e+04
8.862000000000000000e+04
8.866000000000000000e+04
8.870000000000000000e+04
8.873900000000000000e+04
8.877800000000000000e+04
8.881700000000000000e+04
8.885600000000000000e+04
8.889400000000000000e+04
8.893200000000000000e+04
8.897000000000000000e+04
8.900700000000000000e+04
8.904400000000000000e+04
8.908100000000000000e+04
8.911700000000000000e+04
8.915300000000000000e+04
8.918900000000000000e+04
8.922400000000000000e+04
8.925900000000000000e+04
8.929400000000000000e+04
8.932900000000000000e+04
8.936400000000000000e+04
8.939900000000000000e+04
8.943400000000000000e+04
8.946800000000000000e+04
8.950200000000000000e+04
8.953600000000000000e+04
8.957000000000000000e+04
8.960400000000000000e+04
8.963700000000000000e+04
8.967000000000000000e+04
8.970300000000000000e+04
8.973600000000000000e+04
8.976900000000000000e+04
8.980200000000000000e+04
8.983500000000000000e+04
8.986800000000000000e+04
8.990100000000000000e+04
8.993400000000000000e+04
8.996600000000000000e+04
8.999900000000000000e+04
9.003200000000000000e+04
9.006500000000000000e+04
9.009700000000000000e+04
9.013000000000000000e+04
9.016200000000000000e+04
9.019400000000000000e+04
9.022700000000000000e+04
9.025900000000000000e+04
9.029100000000000000e+04
9.032300000000000000e+04
9.035500000000000000e+04
9.038700000000000000e+04
9.042000000000000000e+04
9.045200000000000000e+04
9.048500000000000000e+04
9.051800000000000000e+04
9.055100000000000000e+04
9.058400000000000000e+04
9.061700000000000000e+04
9.065000000000000000e+04
9.068300000000000000e+04
9.071600000000000000e+04
9.075000000000000000e+04
9.078400000000000000e+04
9.081700000000000000e+04
9.085100000000000000e+04
9.088500000000000000e+04
9.091900000000000000e+04
9.095300000000000000e+04
9.098700000000000000e+04
9.102100000000000000e+04
9.105600000000000000e+04
9.109100000000000000e+04
9.112600000000000000e+04
9.116100000000000000e+04
9.119600000000000000e+04
9.123200000000000000e+04
9.126800000000000000e+04
9.130400000000000000e+04
9.134000000000000000e+04
9.137700000000000000e+04
9.141400000000000000e+04
9.145100000000000000e+04
9.148800000000000000e+04
9.152600000000000000e+04
9.156400000000000000e+04
9.160200000000000000e+04
9.164000000000000000e+04
9.167800000000000000e+04
9.171700000000000000e+04
9.175600000000000000e+04
9.179500000000000000e+04
9.183500000000000000e+04
9.187500000000000000e+04
9.191500000000000000e+04
9.195500000000000000e+04
9.199600000000000000e+04
9.203700000000000000e+04
9.207800000000000000e+04
9.212000000000000000e+04
9.216200000000000000e+04
9.220300000000000000e+04
9.224500000000000000e+04
9.228700000000000000e+04
9.232900000000000000e+04
9.237100000000000000e+04
9.241300000000000000e+04
9.245500000000000000e+04
9.249700000000000000e+04
9.253900000000000000e+04
9.258100000000000000e+04
9.262300000000000000e+04
9.266500000000000000e+04
9.270800000000000000e+04
9.275000000000000000e+04
9.279200000000000000e+04
9.283400000000000000e+04
9.287600000000000000e+04
9.291800000000000000e+04
9.296000000000000000e+04
9.300200000000000000e+04
9.304400000000000000e+04
9.308600000000000000e+04
9.312800000000000000e+04
9.317000000000000000e+04
9.321200000000000000e+04
9.325400000000000000e+04
9.329600000000000000e+04
9.333700000000000000e+04
9.337800000000000000e+04
9.341900000000000000e+04
9.346000000000000000e+04
9.350000000000000000e+04
9.354000000000000000e+04
9.358000000000000000e+04
9.361900000000000000e+04
9.365800000000000000e+04
9.369700000000000000e+04
9.373500000000000000e+04
9.377300000000000000e+04
9.381100000000000000e+04
9.384800000000000000e+04
9.388500000000000000e+04
9.392100000000000000e+04
9.395800000000000000e+04
9.399400000000000000e+04
9.402900000000000000e+04
9.406400000000000000e+04
9.409800000000000000e+04
9.413300000000000000e+04
9.416700000000000000e+04
9.420100000000000000e+04
9.423500000000000000e+04
9.426800000000000000e+04
9.430100000000000000e+04
9.433300000000000000e+04
9.436500000000000000e+04
9.439600000000000000e+04
9.442700000000000000e+04
9.445800000000000000e+04
9.448800000000000000e+04
9.451800000000000000e+04
9.454800000000000000e+04
9.457800000000000000e+04
9.460700000000000000e+04
9.463600000000000000e+04
9.466500000000000000e+04
9.469400000000000000e+04
9.472200000000000000e+04
9.475000000000000000e+04
9.477800000000000000e+04
9.480600000000000000e+04
9.483300000000000000e+04
9.486000000000000000e+04
9.488700000000000000e+04
9.491400000000000000e+04
9.494000000000000000e+04
9.496600000000000000e+04
9.499200000000000000e+04
9.501800000000000000e+04
9.504300000000000000e+04
9.506800000000000000e+04
9.509300000000000000e+04
9.511800000000000000e+04
9.514300000000000000e+04
9.516700000000000000e+04
9.519100000000000000e+04
9.521500000000000000e+04
9.523900000000000000e+04
9.526300000000000000e+04
9.528700000000000000e+04
9.531100000000000000e+04
9.533500000000000000e+04
9.535900000000000000e+04
9.538300000000000000e+04
9.540600000000000000e+04
9.542900000000000000e+04
9.545200000000000000e+04
9.547600000000000000e+04
9.549900000000000000e+04
9.552200000000000000e+04
9.554500000000000000e+04
9.556800000000000000e+04
9.559100000000000000e+04
9.561400000000000000e+04
9.563700000000000000e+04
9.566000000000000000e+04
9.568300000000000000e+04
9.570600000000000000e+04
9.572900000000000000e+04
9.575200000000000000e+04
9.577600000000000000e+04
9.580000000000000000e+04
9.582400000000000000e+04
9.584800000000000000e+04
9.587200000000000000e+04
9.589600000000000000e+04
9.592000000000000000e+04
9.594400000000000000e+04
9.596800000000000000e+04
9.599300000000000000e+04
9.601800000000000000e+04
9.604300000000000000e+04
9.606800000000000000e+04
9.609300000000000000e+04
9.611900000000000000e+04
9.614500000000000000e+04
9.617100000000000000e+04
9.619700000000000000e+04
9.622300000000000000e+04
9.625000000000000000e+04
9.627700000000000000e+04
9.630400000000000000e+04
9.633100000000000000e+04
9.635900000000000000e+04
9.638700000000000000e+04
9.641600000000000000e+04
9.644500000000000000e+04
9.647400000000000000e+04
9.650300000000000000e+04
9.653300000000000000e+04
9.656300000000000000e+04
9.659300000000000000e+04
9.662400000000000000e+04
9.665500000000000000e+04
9.668600000000000000e+04
9.671800000000000000e+04
9.675000000000000000e+04
9.678300000000000000e+04
9.681600000000000000e+04
9.684900000000000000e+04
9.688300000000000000e+04
9.691700000000000000e+04
9.695200000000000000e+04
9.698700000000000000e+04
9.702200000000000000e+04
9.705700000000000000e+04
9.709300000000000000e+04
9.712900000000000000e+04
9.716600000000000000e+04
9.720300000000000000e+04
9.724100000000000000e+04
9.727900000000000000e+04
9.731800000000000000e+04
9.735700000000000000e+04
9.739700000000000000e+04
9.743700000000000000e+04
9.747800000000000000e+04
9.751900000000000000e+04
9.756100000000000000e+04
9.760300000000000000e+04
9.764600000000000000e+04
9.768900000000000000e+04
9.773300000000000000e+04
9.777700000000000000e+04
9.782200000000000000e+04
9.786800000000000000e+04
9.791500000000000000e+04
9.796300000000000000e+04
9.801200000000000000e+04
9.806200000000000000e+04
9.811300000000000000e+04
9.816600000000000000e+04
9.822000000000000000e+04
9.827400000000000000e+04
9.832800000000000000e+04
9.838300000000000000e+04
9.843800000000000000e+04
9.849400000000000000e+04
9.855100000000000000e+04
9.860900000000000000e+04
9.866700000000000000e+04
9.872700000000000000e+04
9.878800000000000000e+04
9.885000000000000000e+04
9.891200000000000000e+04
9.897400000000000000e+04
9.903700000000000000e+04
9.910000000000000000e+04
9.916400000000000000e+04
9.922900000000000000e+04
9.929400000000000000e+04
9.936100000000000000e+04
9.943000000000000000e+04
9.950000000000000000e+04
9.957000000000000000e+04
9.964200000000000000e+04
9.971600000000000000e+04
9.979200000000000000e+04
9.987000000000000000e+04
9.994600000000000000e+04
